373915670 0
1773076509 1
1773076511 5
1773076514 363
42827811 0
42860580 0
42827817 0
42860586 0
42860591 0
482541616 0
42860595 0
42860603 0
42827843 0
2302476358 0
302743630 0
302743633 0
302743637 0
302743638 0
302743640 0
42467417 0
302743643 0
302743645 0
302743647 0
302743653 0
373882982 0
42467431 0
302743657 0
302743661 0
1828749423 0
1828749425 1
302743666 0
302743667 0
302743668 0
301498486 0
301498490 0
302743677 0
302743678 0
302743679 0
302743682 0
302743686 0
302743689 0
302743694 0
42818131 0
301498515 0
301498516 0
301498517 0
301498522 0
301498523 0
301498528 0
42467507 0
42762422 0
42762425 0
60915901 0
293830851 0
293830854 0
42423674 129
301498592 0
301498594 0
301498596 0
301498606 0
42795247 0
301498608 0
103186674 0
301498614 0
42434807 82
103186680 0
42434810 24
2539225339 0
42434821 76
298287370 0
301498640 0
301498641 0
246874386 0
246874387 1
301498644 0
301498645 0
42434845 120
596776325 0
301498660 0
301498662 0
301498664 0
1773076778 1
42434871 15
42926395 0
42926398 0
42926409 0
42434894 0
42434895 33
42434898 24
301498711 0
42434904 15
42434905 17
301498714 0
301498715 0
42434910 41
42434912 30
761594218 0
42434935 0
2262434175 0
42434946 116
42434948 54
3248816517 1
42434951 70
42434954 62
246579597 39
42434959 109
42434962 56
42434965 185
246579608 0
42434969 1
42434974 43
479166879 0
597328292 0
42434989 15
42833309 0
42434992 12
598622281 0
4332700771 1
486867405 76
1544596217 0
3248816608 0
598622289 0
486867432 99
598622290 0
451052015 0
42467839 0
42467842 0
486867459 5
3248816651 0
302743641 0
103121435 0
486867490 107
246579751 0
246579753 0
486867513 2
2664563266 0
246874701 0
246874702 1
294093394 0
294093397 0
294093402 0
4207313499 0
486867548 77
4207313503 0
4207313504 1
370705004 0
103154290 0
294093431 0
294093434 0
294093435 0
42435198 33
42533517 0
294093454 0
42730127 0
294093456 0
294093457 0
294093459 0
294093460 0
42435222 76
294093463 0
294093464 0
294093466 0
294093467 0
294093470 0
42435231 30
294093473 0
42435234 33
294093476 0
294093477 0
294093479 0
294093481 0
294093483 0
294093484 0
1828749426 1
294093487 0
294093488 0
42435250 31
1828749427 1
42435253 36
42435257 34
42435261 69
42435264 74
42435265 37
42435266 28
42435269 30
3809536801 0
42435272 36
42435275 56
42435283 33
3809536804 2
42435295 28
42435301 18
42435308 48
42435310 110
42435312 25
42435316 21
42435317 26
2462253814 0
42435319 29
42435323 18
2709968341 0
42435328 30
42435331 15
42435333 17
42435335 16
42435336 5
42435337 10
42435341 10
42435343 7
42435346 1
3927578073 0
42435359 62
42435392 24
588546882 38
42435395 38
42435396 36
42435398 49
42435400 56
588546891 64
3008856911 0
3008856913 0
246580055 0
42435420 132
42435422 183
3008856931 0
3008856932 0
1927807845 0
246580071 0
42435448 84
42763131 0
42435456 28
297042819 0
42435470 27
42435472 55
42926995 0
42435477 42
42927001 0
42435491 48
42435497 29
42435499 46
42435504 0
42435509 35
42435514 65
62915516 76
42435518 40
62915521 50
42435522 18
62915525 86
42435534 31
62915536 52
1112485703 0
42435578 24
42435581 17
42435596 196
42435598 47
42435599 77
42435603 63
42435610 67
42435618 63
42435624 172
42435629 55
42435632 67
42435633 86
42435642 526
42435644 241
42435645 142
42435646 224
42435650 179
42435654 175
42435657 240
42435660 123
246580301 0
42435663 444
42435668 130
42435671 231
42435675 213
42435677 160
42435680 120
42435684 90
42435687 61
246580334 0
42435702 80
42435705 56
246580346 0
42435707 119
42435710 60
42435714 206
42435716 110
3325564441 0
42435736 49
3008857241 0
3008857243 0
302257690 0
3008857246 1
42534052 0
486868138 2
103875777 0
42501318 0
42435803 97
42435805 283
4288677093 330
246580466 66
2295039220 0
42435844 138
1577583880 0
42435850 21
42435852 23
705234189 1
42435856 66
42435860 55
42435861 31
42435863 40
42435865 41
103875869 0
3778381087 0
42435873 26
42435876 27
42435881 1
42435885 12
42435891 18
42435894 14
42435898 26
42736336 0
1506902240 1
42435916 74
3104245072 2
42435921 0
42435922 29
42435931 21
42435943 84
247072104 0
42429330 1
42435957 49
42468744 0
225183118 0
42796436 0
301498607 0
42434800 71
42796462 0
349242804 0
42436024 20
592643522 0
592643538 0
4216045817 1
42436056 60
42436060 23
42436064 59
42436083 96
1773078006 137
42436088 26
42731002 0
246580736 0
42436097 11
42731010 0
42833494 0
42436109 24
42731023 0
246580758 108
42731033 0
2711029280 162
42436129 11
42436134 31
42833501 0
42436149 18
42436152 22
246580797 0
589928034 111
42436181 29
746718807 1
42436187 25
42833510 0
302257767 0
247120148 0
589928042 45
3827336858 0
3827336862 0
3827336868 0
3827336883 0
42436285 15
42436288 22
42436293 20
42436308 23
42436316 17
274335455 7
42436322 10
42862310 0
3827599085 0
42436335 58
42436336 35
42436340 32
246580982 0
42436353 16
42436355 37
42436359 16
42436364 29
42436369 8
42436371 46
42436374 32
42436377 24
42436381 17
42436384 19
42436390 22
42436393 38
42436396 35
42436400 28
42436404 26
42436407 24
42436411 12
42436423 19
42436427 12
42436431 37
42436439 24
225183576 0
42469212 0
42469214 0
2411399009 0
42436475 43
42436477 55
42436481 0
42436484 40
42436486 66
486868873 0
42436492 77
2025097111 0
42436510 37
42436511 46
42436514 3
42436516 49
595462053 0
42436519 67
42436527 196
42436531 133
42796983 0
42436537 19
42436539 29
42436541 0
42436544 45
42436546 39
42436549 52
42436551 39
42469320 0
42436556 14
42895311 0
2075592658 4
301498702 0
42436567 47
301498703 0
42436575 17
247072736 0
247072737 0
42436578 33
277481443 1
42436582 26
42436586 47
42436590 59
42436598 25
42436604 24
42436610 23
42469382 0
42436619 40
42469391 0
42436624 32
42436627 25
42436630 28
301498713 0
42469400 0
42436637 30
598050847 0
42436640 29
42436641 0
42436644 17
42436647 13
42436651 26
42436653 37
103254094 0
42436700 100
42436701 71
42436703 0
42436705 73
42436707 117
42436710 123
588114961 0
42436714 76
42436719 13
42469489 0
42436726 6
103876732 0
371239958 1
42436746 46
42436748 71
42436751 48
42436753 80
42436754 71
42436756 50
42895509 0
597748762 0
42436770 28
42436779 26
42436784 11
42436788 1
42866377 0
42436793 26
42436806 21
42436807 12
42436812 13
3778729677 0
477530321 0
3786901732 67
42469606 0
42469607 0
3786901739 0
42469612 0
42469614 0
3786901747 0
103876853 0
42502404 0
42469640 0
42469645 0
4234578190 0
298289423 0
4234578192 1
4234578193 0
4234578194 0
42469651 0
2072447252 0
277481749 0
298289432 0
42469657 0
42436894 11
486869282 1
42436903 46
42436911 14
42436913 47
42436914 0
42436917 65
42436919 34
42436921 68
42436922 54
3278932287 0
3278932288 0
3278932289 0
3278932290 0
42764615 0
2351532363 1
42436941 55
42436942 71
2351532367 2
42436944 25
2351532369 0
42436947 20
2351532373 2
3278932311 0
3278932312 4
3278932313 0
42436957 13
2810120555 0
2140997998 0
2810120567 0
42436985 25
42436990 27
103115840 0
225184141 0
42926489 0
42437018 52
42437021 106
297109922 0
297109923 0
297109925 0
297109926 0
297109928 0
297109930 0
247073198 43
247073199 0
42437050 41
42437052 37
42437058 7
42437067 29
42437074 42
370870741 0
42437078 22
42437082 27
42437084 125
1506445797 11
42437108 75
42437109 17
42437113 80
42437114 69
42437118 18
42437124 30
247073285 0
42437128 12
246909454 1
42437135 0
42502674 0
297110049 0
4448520738 0
246876728 0
42437177 86
246876730 0
297110078 0
42437188 80
42437204 22
4012935769 0
42437222 29
103877239 0
42437280 58
42437283 51
42437287 62
42437289 38
42437300 69
42437305 57
42437312 11
42470082 0
42437319 34
752650952 0
42437324 156
42437326 3
3248816589 1
42437333 77
42437339 46
276204253 0
42437343 49
42437346 63
42437349 40
42437358 207
42429565 52
42437363 294
42437368 337
42437371 269
598054698 0
42437379 0
247073541 0
42502920 0
42437396 195
294062870 0
42437401 32
294062882 0
276204325 0
294062892 0
294062893 0
42437423 22
294062896 0
42437425 31
294062898 0
294062899 0
42437428 2
294062902 0
294062903 0
294062904 0
42437433 47
294062906 0
294062907 0
42437436 44
294062910 0
294062911 0
42437445 62
294062920 0
294062921 0
42437451 69
294062924 0
294062925 0
276204366 0
42437465 30
42437472 12
42437481 0
276204398 0
60918686 46
42437536 66
765889458 0
486869939 160
42437559 84
42437564 59
42470343 0
42470346 0
42437580 129
2034011088 0
42470354 0
297929685 0
3919350742 0
3919350743 0
42470360 0
3919350745 0
3919350751 0
3919350754 0
42437605 93
3919350758 0
42437608 1
3919350761 1
3919350763 4
42437612 0
42437613 2
42470385 0
42437618 1
42470387 0
42437626 60
42437644 190
3248816643 0
42437654 328
42437663 164
3325791265 0
42437670 312
106138663 0
42437678 0
42437686 38
42437688 132
42437693 187
42437699 102
2792787013 0
42440545 35
3569749093 0
3569749094 0
3569749095 1
3569749097 0
3569749098 0
3569749099 0
294095980 0
294095981 0
294095982 0
3569749103 84
246647920 20
3569749105 0
3569749106 0
3569749107 1
3569749108 6
42437749 44
3569749110 0
3569749111 0
3569749112 0
42437753 20
42437755 44
42437757 0
3569749119 0
42437760 32
3029929089 0
3569749122 0
42437763 33
3569749125 0
3569749126 0
3569749127 0
3569749129 0
42437770 22
42437773 22
42437775 4
3029929106 0
3029929108 0
3569749141 0
3029929110 0
3569749143 0
3029929112 0
3569749145 0
42437786 18
42732710 0
103877800 0
300570483 0
294096056 0
42429643 29
42437830 60
42437845 61
4235734224 3
42437874 1
42437881 125
246648063 0
42437890 159
42437909 120
42437914 146
42437917 27
42437918 28
42437921 12
42437923 22
593300772 0
42732842 0
42437932 14
42732852 0
3096612154 0
42437949 43
598248774 0
42437959 164
42437962 2
42437965 34
42437967 91
42437972 6
42437980 36
42437988 0
42437990 1
598248807 0
42437992 62
42437996 59
481201523 0
765365624 0
42732922 0
3096612222 0
42438018 28
42438024 8
42896784 0
3096612242 0
4011396500 0
4011396502 0
42438043 34
42896796 0
42438045 31
42438052 16
481201577 0
42896812 0
3224210865 0
42732983 0
42424225 41
593300940 3
3096612301 0
598043896 0
42825882 0
103222764 0
4011396596 1
103214336 0
42438155 15
42896918 0
3096612379 0
42438174 48
4207313500 10
42438186 34
42438189 15
42438199 12
246877761 0
246877762 0
1825803850 0
42438228 22
42438235 113
42438236 4
42438240 99
295013992 0
42883005 0
42438257 38
4332457588 0
42438275 7
103878277 0
42438281 6
103878291 0
42438292 20
42438295 15
42438297 13
42471076 0
294093426 0
42883019 0
103878349 0
42438362 2
1691389661 0
4209410683 0
42471180 0
42503949 0
42471183 0
42503956 0
42471197 0
42471201 0
247074607 130
246648626 0
42429747 27
296856884 0
42438463 4
42438476 44
471240527 0
42438485 23
42438487 19
42504024 0
42438490 1
42897243 0
588115258 0
42504031 0
42471265 0
42438498 43
42438503 42
42438506 49
42438509 49
42438513 11
3573482131 0
42504053 0
42438531 77
278630279 0
42438544 46
42438547 113
103878555 0
3846772721 0
42864553 0
3833447070 0
294093471 0
1764626366 3
3778744257 0
588115277 0
103878609 0
103878611 0
278630368 0
247074801 0
246878196 11
103190527 0
1504153604 57
752619534 0
42438672 61
42438674 87
1504153626 44
60919842 0
294093490 0
42438704 365
42438707 79
42504249 0
42504253 0
42799170 0
246878283 0
246878284 9
42438774 110
42438784 113
42438785 24
42864770 0
42438788 21
42438791 24
42438795 1
42864781 0
42438798 28
42438800 52
42438802 54
42438805 45
42438809 8
42438836 49
42438839 36
476025020 0
3630436544 7
42438859 67
42438862 63
1728266957 2
42438881 77
42438886 84
42451665 3
42438889 102
42438891 93
42438894 91
42733813 0
42438908 30
42438923 37
42438928 39
295276818 0
42471710 0
42438949 23
42471719 0
42438953 29
42471722 0
3204944172 0
42471726 0
42438961 62
42471731 0
42471733 0
42438971 41
42438973 48
1852281160 0
42471754 0
42471764 0
293802329 0
42439006 56
1544809872 72
42471779 0
42471785 0
42471787 0
42439025 82
1952059776 0
498897281 0
42439042 50
106074504 0
588546798 34
42439070 44
451019504 0
42439096 64
42439099 41
42440785 35
3976008171 1
2862420460 0
3976008173 16
3976008174 0
3976008176 0
3976008177 2
3976008178 0
278630910 0
246649343 28
246649344 0
246649345 21
42439170 50
42439178 53
42439181 141
42439191 0
3874689569 3
3874689571 9
42439207 8
42439210 24
3874689580 19
42439213 24
42439225 8
765596218 0
449581627 2
42439228 9
42439236 23
42832453 0
42439243 0
42439249 9
246649427 0
246649429 25
2025165403 0
1731564125 0
2025165409 0
2025165414 0
2025165415 0
42439272 53
2025165417 0
42439275 54
2025165421 0
2025165422 0
42439280 94
42439286 93
42461484 0
42439295 46
42832512 0
42429890 37
42832531 0
3477246612 0
246878874 0
246878875 2
246878876 0
42799780 0
42439345 88
103223998 0
42734286 0
103125713 0
42439389 32
42439392 20
246649570 0
42439395 0
2509345510 0
42439399 33
42734314 0
42439403 39
42439406 69
3639382767 0
42439409 34
42439416 17
370880729 0
761860869 1
42439440 319
596788016 38
42439464 59
42439488 55
42439490 33
42439497 27
627905367 22
42898265 0
42439527 14
42439530 11
42439533 1
308679535 0
42439537 25
103093107 0
596775808 0
42439553 15
42439556 38
42439557 0
42439559 43
42439561 67
42439563 67
42439567 60
596775825 12
42439580 49
596775840 92
42439588 70
596775851 0
596775852 2
596775855 0
596775856 0
42439601 26
596775867 0
596775870 0
293344192 0
76464971 0
596775876 86
596775882 2
274699215 0
3341915089 1
3341915090 0
3341915091 0
596775892 139
596775900 96
596775907 1
596775914 1
596775919 2
42439673 0
596775930 58
596775935 1
596775941 94
596775946 156
596775951 47
596775963 0
596775973 32
3008856924 0
596775979 58
596775985 0
764744759 0
103093310 0
103879746 0
302257223 0
596776009 34
596776017 35
42832979 0
596776021 33
42832982 0
42832985 0
596776027 35
42832988 0
42832991 0
596776032 65
42832996 0
42832999 0
596776041 43
42833005 0
596776046 31
42833009 0
42833012 0
471241849 0
596776063 24
103879816 0
596776074 28
103879819 0
103879821 0
596776078 39
42439823 187
42439826 48
596776083 27
42439830 48
596776089 103
42439834 65
42439836 47
596776095 32
42439840 81
42833057 0
246879394 0
42505383 0
476026026 0
42865836 0
42505389 0
42505393 0
596776115 35
277386421 0
596776120 32
42505402 0
596776127 20
60921024 0
60921025 0
596776132 47
42505415 0
42505420 0
2457398818 0
42439887 57
596776144 16
596776150 23
42505433 0
42439899 168
596776156 26
42439905 8
42435451 181
596776164 47
596776165 69
42439910 6
596776167 10
302257385 0
596776173 23
302257391 0
596776177 19
42439922 7
42439924 9
42439927 31
42439929 1
302257406 0
596776201 44
42439952 145
42439955 155
42439960 105
2619272751 0
42439964 58
488248607 0
596776224 69
2987758882 0
2987758883 0
42439972 72
302257448 0
42439981 123
42439984 188
42433138 11
42439990 103
42439994 259
42439996 200
42447323 54
42440001 84
42865986 0
596776260 119
42440009 87
302257482 0
42440012 68
42440015 40
302257488 0
42440020 65
42440022 149
42440025 48
1261680432 3
42833250 0
42505576 0
42833259 0
746132849 0
42833266 0
42440052 21
596776314 0
42833276 0
42440069 18
42768620 0
294065560 0
42833306 0
294065563 0
596776349 28
42833312 0
42833316 0
42833321 0
42833328 0
440243634 0
440243635 0
42833332 0
440243638 0
42833340 0
596776386 0
589927878 28
589927879 98
42866935 0
42440144 87
103880145 0
42833367 0
3927578072 0
42440153 141
596776413 27
440243680 0
42440163 83
42800613 0
42440170 54
3783071220 0
596776442 38
302257661 0
3783071232 0
219780613 0
302257671 0
302257674 0
3783071243 0
302257677 0
3783071246 0
440243737 0
596776474 50
302257711 0
596776497 76
589927991 0
42440253 0
277386815 0
42440258 30
42440270 5
589928020 36
3788379733 30
596776534 87
42440280 42
42440282 123
589928028 122
589928029 35
589928030 75
42440287 67
589928033 70
596776546 24
589928035 29
589928037 0
589928038 3
589928039 3
589928040 32
589928041 21
1251612266 0
42833515 0
302257784 0
42440313 209
3670414976 12
596776578 0
42440323 51
42440325 29
42440326 59
103869228 0
42440330 78
246650510 0
596776594 13
246650523 0
246650524 0
42440350 62
596776613 15
596776624 36
42505910 0
42440376 10
42440381 46
42866368 0
42440385 14
42866370 0
42866373 0
42505929 0
42833612 0
42866381 0
596776654 3
596776656 0
42440401 0
42833618 0
596776659 0
42440408 87
595105499 0
1701844700 0
4378236641 13
2503677681 0
42440452 109
42440453 76
42440456 1
42440459 91
42440463 130
42440465 95
42440469 47
42441007 27
598054695 0
1701844777 0
1773082410 3
595105581 0
42440494 35
3817760665 0
595105589 42
595105592 0
42440527 16
42440532 0
42800986 0
42473313 0
42440553 22
3817760667 0
42440565 12
42440566 14
42440567 8
103126910 0
103126912 0
42440577 0
595793811 0
42506170 0
42866622 0
482842560 0
42866625 0
4302903239 7
42866632 0
3252590541 2
3252590542 1
3252590543 0
3252590544 0
246650838 18
42866647 0
246650840 0
42866652 0
276207581 0
276207583 0
42866657 0
42866664 0
42866667 0
42440686 33
1112485544 0
61271722 135
42440710 187
42440721 97
42440729 184
42440737 155
3742668836 0
42440743 174
42440754 53
278632502 0
278632503 0
42506300 0
42735968 0
3778416706 0
1828749428 3
103880785 0
42440798 32
42473569 0
42440804 123
42440810 111
42440815 267
276207729 0
42440820 94
42440823 115
42440825 114
42473595 0
42440829 163
42440838 195
2411403404 0
42440850 15
65902741 0
42440854 34
42440873 5
42768584 0
301275344 0
42440916 27
42440918 0
42768599 0
42768611 0
42768613 0
42440935 60
42866920 0
42834156 0
42834164 0
42440951 121
42866942 0
42440960 73
42440966 62
42932488 0
42932492 0
42440973 77
1112485592 0
805771544 56
42441000 72
440244527 0
440244528 0
42441009 28
805771586 2
529799493 0
42867029 0
103881056 0
373889390 0
42735984 0
2321258879 0
299178371 0
42441099 3
2703104396 0
246913431 73
103881168 0
246651360 0
246651361 0
42473959 0
42801650 0
103881210 0
103881212 0
42506750 0
42899974 0
42441254 12
597826088 0
42441263 0
597826100 0
42441276 0
42441283 6
597826118 0
3842775629 17
42441295 0
42517603 0
3842775637 1
597826139 0
42932839 0
597826154 0
42801787 0
42932884 0
597826198 0
42932888 0
42736282 0
597826209 0
3096615590 0
597826217 0
597826225 0
42932921 0
1769708232 2
1769708236 0
449616592 0
42932948 0
246580345 0
42866365 0
2423522427 36
597727988 0
597727992 0
597727993 0
246651647 0
246651648 0
597728004 0
597728014 0
597728022 0
597728024 0
597728029 0
1541937951 1
597728036 0
597728040 0
597728043 0
597728050 0
42441535 17
42856246 0
60922694 0
597728082 0
42900309 0
42441564 19
42441569 15
103193445 0
597728103 0
42441587 16
42464834 0
3341917064 0
3341917065 0
3341917066 0
3341917067 0
3341917068 0
42856258 0
597728145 0
1541938066 0
597728147 0
597728148 0
597728149 0
597728150 0
597728151 0
597728152 0
597728153 0
597728154 0
597728157 0
597728158 0
597728159 0
597728160 0
3096615848 0
3096615849 0
3096615851 0
3096615852 0
3096615853 0
3096615854 0
3096615855 0
3891960758 0
3891960759 0
3891960760 0
60922812 0
103872546 0
42441668 21
42867654 0
103160779 0
3686051662 0
1112485711 0
3795557341 0
42900482 0
42736651 0
103881776 0
1919595917 29
42441805 24
42441823 41
3480362090 0
4156726384 0
494509169 0
60923008 0
914005129 0
42900636 0
1764400286 0
1764400302 1
42900657 0
1764400306 1
246652083 0
42900660 0
246652085 0
246652086 0
42900665 0
1764400318 0
42900675 0
357637334 0
1329098617 3
3480362200 0
42441949 27
42441950 36
42441952 13
42441953 23
42441956 47
42474733 0
42474746 0
42474795 0
246580445 0
3827330952 0
42446733 32
246881639 0
42802543 0
60923264 0
103882116 0
2645335433 0
3783073166 0
1260335139 0
246652323 0
246652326 0
42474924 0
4347534767 48
597269937 0
42474930 0
42442164 0
42474935 0
60923321 0
595729853 0
4347534783 111
597269952 0
3783073217 0
3783073218 0
597269955 0
246652365 0
42474960 0
3783073233 0
42474962 0
3783073253 0
2891718122 0
3783073260 2
3783073263 0
42441299 16
42442230 32
3783073271 0
42442247 53
3783073288 23
106110474 0
42442255 67
449388060 0
42442269 35
42442273 40
103870384 0
42442276 31
42442286 157
1215606708 0
1372888639 0
42835523 0
42835547 0
449388143 0
42835569 0
103882354 0
42835573 0
4379778679 0
42835588 0
42835590 0
42835593 0
42835597 0
768581265 0
42835602 0
42835606 0
42835611 0
42442410 36
42435869 29
42442417 25
42442422 48
246881975 0
295575225 0
42442432 96
42442445 46
2058919631 0
42442451 47
246652628 0
246652629 0
246652630 0
42442459 51
42442463 86
42442469 63
1773084391 38
246652650 0
246652651 0
42442480 60
1773084402 3
1773084405 3
1773084407 40
1773084410 44
42442492 34
42442502 27
588455694 105
588455698 1
588455700 1
278634272 0
246882084 0
42442534 96
471244587 0
42442542 84
42442549 13
1372888888 0
42442555 19
42442557 15
588455742 60
588455743 131
42737472 0
42442561 23
246652740 0
42442565 36
42442567 33
42442569 69
42442571 24
1372888911 0
246652755 3
246882133 0
42508120 0
42508123 0
4320108384 1
4320108387 1
42803046 0
42442613 46
42442618 13
103882621 0
42442625 29
42475395 0
42442628 33
42442635 33
42442638 45
42442642 34
42442645 18
246882202 0
246882203 0
42442656 26
42442659 33
42442664 22
1420631978 0
42442671 27
42901424 0
588455857 17
246882229 0
246882230 0
42442684 1
561035349 87
103882697 0
103882699 0
42442703 1
42442710 31
4331118556 0
42442717 16
42442722 24
42442723 21
42901476 0
385653414 0
42442728 35
2058919917 0
42442734 208
42442741 4
103882746 0
42442750 2
42442755 23
42442764 25
42442770 49
298917917 0
42442788 15
2058920003 0
2058920018 1
42442842 104
42442843 42
42442848 62
42442850 53
42442851 55
42442857 79
60924012 0
42442862 56
2058920052 2
42442870 72
42442877 58
42442881 52
42442889 179
42442891 57
42442895 50
42442898 54
42442902 66
42442906 0
42442910 0
42442913 90
42442918 179
42442931 160
42442933 135
42442935 96
42442937 197
42442939 97
42442943 89
42442947 126
42442948 86
42442949 58
42442952 62
42442955 75
278634700 0
42442957 73
42442959 68
42442960 70
42442961 207
42442963 195
42442977 124
42442983 94
1203806440 34
103162102 0
42443000 70
42443009 67
42443020 61
42443024 48
42443027 99
42443029 61
42443032 43
42443037 66
42443040 45
42443042 49
42443044 41
42443046 36
42443048 80
42443050 44
103162155 0
42443052 47
103260461 0
42443054 172
42443056 110
42443058 61
42443061 35
42443066 45
42443068 65
42443072 54
42443077 39
42443078 37
42443081 14
42443085 76
103260496 0
42443092 151
103260502 0
42443116 390
42443127 1
1203806626 0
4137591212 0
4320108989 2
1814471103 0
103162306 0
42436001 29
1805328840 0
42475983 0
42475986 0
2385813972 0
298918396 0
42443264 38
42443268 43
42443280 80
114662148 0
42430557 18
42476080 0
42443313 47
1825841715 0
42443320 169
42443326 52
42443329 51
42443332 34
42476102 0
42443336 73
595314103 0
42443341 51
42443344 58
42443346 38
42443347 85
42443349 46
42443353 79
42443363 25
42443366 39
42443373 32
42443381 57
42443388 122
246882948 0
246882949 0
42443403 97
42443406 61
42443413 18
1420632727 0
298918559 0
42443426 20
42803880 0
1279337135 7
4145586916 20
4145586919 0
541467370 0
3783088935 16
595337964 23
4145586932 0
4145586933 0
42443513 28
4145586940 0
42443522 59
1061531777 49
42443528 149
42443532 94
42443534 83
42443549 0
42443556 109
42443561 134
42443563 129
42443570 0
42443574 14
1792549689 0
42443582 10
42476352 0
1061531787 39
2482581646 0
42443612 54
42443613 1
42443614 56
42443615 120
42443618 79
748725094 0
595436395 0
42771315 0
597728063 0
42443659 20
42443671 64
42443674 53
42443676 31
42443680 108
60007350 0
1061531807 119
42935231 0
42476485 0
42447009 118
247079889 0
60007381 0
42476503 0
42476514 0
42476522 0
42476532 0
356623349 3
60007414 0
60007415 0
42476536 0
1538237434 30
42476545 0
42476565 0
42443804 65
42443810 43
42476585 0
42443818 46
42443821 23
486876219 0
42443844 21
42476614 0
42476625 0
42476636 0
103097446 0
42476648 0
103097454 0
42509423 0
42476656 0
42476669 0
694854792 0
694854793 0
2321294500 0
42443950 129
42476732 0
42443965 192
42443975 128
2321294536 0
60007631 0
42476753 0
60007643 0
60007644 0
297051385 0
42444028 36
42444043 80
4321748237 13
4321748238 0
42444049 78
42444051 95
42444055 29
42444060 47
42444069 33
297051435 0
42444081 43
3670418747 0
3341917069 0
42430691 91
42444116 12
42444123 15
42444129 44
597728146 0
3569749104 0
60917021 0
2433000860 0
42444200 31
42444223 10
4090176961 0
2348688837 0
42444230 1
60925389 0
293348823 0
42739178 0
1203709420 14
42444271 23
3734578672 0
42444277 22
42444279 38
42870277 0
42430722 42
2523309612 0
42444353 34
42441654 21
293348946 0
3928841146 0
293348989 0
42444414 18
42444424 111
42477215 0
3446679201 0
42477222 0
42444456 314
42444458 215
103098028 0
42444461 52
42477230 0
42752968 0
42444479 30
42477251 0
42477252 0
42444485 16
42477254 0
42444487 21
42477256 0
3971196618 0
42444491 0
3971196622 0
42444495 44
3971196627 0
42444500 31
42444506 33
3449988835 0
3449988837 0
103884534 0
1657546495 0
42804992 0
42444581 0
529049383 0
3785612258 363
60925784 0
60925795 0
3789563794 0
3932923797 7
42739615 0
371337150 6
247080924 0
299182056 0
3711838194 0
1659021301 0
60925950 80
1659021320 0
42444809 16
42444810 23
3891963915 2
42444812 1
42444814 24
42444817 38
42444820 40
42444827 41
42444829 32
42444832 28
42444833 15
371337250 0
42444835 39
42444854 20
4016646206 36
4016646214 0
493889629 34
42444897 2
2411145323 0
42444909 161
42444916 42
60926076 32
42444928 75
42444933 64
103098504 0
300853392 0
42444947 3
103884953 0
42444954 77
42444960 101
247081122 285
42444964 151
42444985 158
4191922366 6
42444991 174
4191922369 28
42445001 227
42445011 129
42445018 103
42445020 147
42445025 92
42445027 89
42445033 71
4235733228 0
42445037 191
4235733230 3
42445039 80
4235733233 0
4235733234 1
4235733235 0
42445051 55
4024150289 0
42447235 74
748726621 29
1904847201 0
1772136805 0
42838389 0
42445174 20
3778324860 0
587934079 54
42445185 66
42510722 0
42445196 39
300788122 0
42445215 27
300788132 0
4209420712 0
42445225 16
42445227 36
42445230 0
42445232 45
42445236 52
42478008 0
42445247 78
42445256 63
42445259 35
42445261 38
42445263 52
3562587903 0
42445310 80
42445314 0
42871299 0
42871307 0
42510861 0
3562587907 0
42478102 0
42478107 0
42496432 0
42871334 0
42871339 0
42445356 44
42445357 16
42871346 0
42445365 83
42445369 124
42871355 0
2836081212 0
42445374 98
42871360 0
42445378 244
42445382 37
42445387 2
42445390 153
42445392 0
42871379 0
42871386 0
42445404 45
42445409 38
42445411 24
42478180 0
42445413 51
42478183 0
42445417 170
42478191 0
42445426 21
587934347 0
42430914 22
42445466 40
42445474 20
42445479 18
42445481 21
42445484 31
42445489 21
42445498 79
42445511 10
42478283 0
42478287 0
42445520 34
42478289 0
42445534 47
607922912 1
42478307 0
42445543 15
247081705 0
247081706 0
42445548 0
247081711 0
247081712 1
247081715 0
42445558 23
42445561 16
3655086549 0
42445569 17
42740482 0
42445574 102
42480088 0
42445587 43
370924677 10
42478369 0
42445603 56
42445606 89
42478376 0
42445612 18
42445617 33
370913758 1
42445630 12
1472637761 0
42445634 38
42445635 20
42445640 35
42478411 0
42447330 62
42445649 126
42445651 103
42445653 105
42445656 111
42445661 128
42445664 19
42445666 0
42445667 31
42445680 8
42445702 16
2796727177 0
42824174 0
42463727 0
42445731 14
42445733 21
42445736 0
42445738 21
42445740 25
42445748 41
42904507 0
42445757 11
766749630 0
42445766 99
42445769 88
42445773 42
42445817 17
42445823 23
42445827 14
42445840 11
42445843 19
42839062 0
42839067 0
42839076 0
42445867 72
42441907 6
486868830 0
42445879 22
42445885 38
42445888 50
42441910 3
42445896 39
42445899 55
42445903 27
42445908 48
42445909 59
42445910 63
42474681 0
42445914 47
42445916 107
42445917 35
42445920 29
42445924 47
42445926 50
42445928 84
42445930 70
42445936 53
371207282 5
42445941 60
42445947 103
42445950 95
42445953 95
42839172 0
42445961 32
42445972 55
42445976 67
42511521 0
42445994 32
42871990 0
42431007 24
42446013 83
42446016 53
42446021 73
42872008 0
42446026 21
42424610 44
4235734221 0
42446031 21
42872016 0
42446036 37
42446041 28
42872042 0
42446066 24
42446070 22
42446072 17
42436614 0
42446086 127
42446093 84
42446099 47
296856858 0
561949979 3
296856879 0
296856881 0
42446132 10
42436489 127
1209576761 0
42446138 44
3919359296 1
42741058 0
42446147 25
42446152 110
296856905 0
1207381341 0
42446187 72
42446190 61
42511729 0
42446203 1
561950077 1
42446218 93
42446245 34
103230886 0
1209576872 1
42440397 67
42446266 66
42446270 60
4290981311 0
1105800640 0
42446275 60
277032406 0
2025097124 0
2025097125 0
42446331 22
42446337 8
1773121034 38
1773121036 0
42446353 111
42741268 0
42741272 0
42446363 43
42741276 0
42741279 0
42446386 0
300789307 0
300789316 0
42905185 0
42905203 0
766750326 0
42446455 24
766750329 0
42446461 3
42446466 70
42446472 51
42446478 41
103132816 0
1112485522 0
3582406293 0
42446488 103
1112485531 0
60927650 0
3919359655 0
42446504 155
42446506 39
277032631 0
42446521 48
42446528 35
42446533 58
42446547 64
42446552 34
3020369625 0
529051355 0
42446562 32
42446571 13
42446584 9
561950457 0
3036229377 33
3036229381 0
103100169 0
42446604 28
42446622 27
103132964 0
1061531429 119
42431111 13
1061531447 63
42938169 0
449621818 0
247072735 0
1061531454 81
42846177 0
2821304136 25
2821304137 45
2821304138 75
60927822 3
2821304143 0
2821304145 0
2954866520 0
1061531496 47
1061531500 42
42446701 88
1061531504 51
2954866546 0
1061531509 39
1773055865 38
2954866558 0
2954866560 0
42446723 26
1061531525 38
1061531527 65
529280909 0
42458435 0
1061531550 37
1061531566 54
42446772 39
3324555189 0
1061531575 25
42446778 47
1061531593 51
1061531596 36
1061531597 49
205008849 2
1061531603 67
1061531608 31
2473603044 0
3536400365 0
1061531631 26
1061531634 54
1061531637 26
1061531645 38
1061531654 37
42446875 53
1061531682 39
1061531683 22
1061531685 74
42446889 31
561950766 0
1061531695 46
1260335152 0
1061531707 0
1899245629 0
1899245632 0
1061531717 0
597241928 0
1260335181 0
1061531727 42
1061531730 35
1061531731 32
42446932 43
42446933 45
42446934 25
42446935 27
1061531736 43
766750812 0
42446941 51
42446942 83
42446945 41
42446949 56
1061531757 0
42446959 210
1764405361 0
1764405363 2
1061531768 29
42446971 70
42446977 40
42446986 73
42446987 89
1061531790 34
42446991 77
3655086224 0
42446994 63
42446998 40
42446999 53
1061531802 25
1061531803 23
42447007 70
1575006369 0
1061531810 42
1061531815 31
1061531818 38
42447020 98
42447030 47
1061531839 34
1061531847 38
42447060 53
598050852 0
370880731 0
42447069 46
42447076 28
42447084 37
695054577 0
695054578 0
370880761 0
42447105 73
42447115 34
42447126 32
42447132 57
42447136 53
42447144 22
42447149 46
42447166 99
42447169 38
42447174 34
42447176 31
42447179 25
42447182 43
3053662545 0
42447187 28
42447192 33
42447196 53
42447199 107
695054688 0
389001587 0
42447228 57
42447230 0
370914027 0
42447237 74
42447246 17
42447249 28
60928432 0
42425758 27
42447295 10
42447303 13
42807752 0
3655086537 0
42807755 0
42447308 42
42807758 0
42474915 0
42447317 35
42480086 0
42807768 0
42807771 0
42447326 53
42807778 0
42807781 0
746211409 0
298562032 0
42480120 0
42807812 0
42807818 0
308693079 0
598290960 0
42480149 0
308693081 0
193868326 0
42447399 40
42447404 23
42447418 16
42447428 7
42447435 19
300855889 0
4115968601 5
598291035 0
42742384 0
60923328 0
598291074 0
42873480 0
42513041 0
42802627 0
42742426 0
598291108 0
598291114 0
4234425009 0
4234425018 0
42742468 0
4234425037 0
300856014 0
4234425039 0
103199460 0
4249006825 0
4249006827 0
595407625 2
595407628 0
298562323 0
3919359299 0
42808162 0
42808170 0
42808189 0
42808193 0
42808195 0
2891718127 0
595801009 0
595801154 0
595801156 0
595801157 0
595801158 0
301910199 0
1901016191 0
2447553689 0
42841242 0
1989096622 0
2447553712 0
2447553713 0
42874036 0
42874050 0
3875091651 0
42874057 0
42874058 0
42874059 0
42874060 0
3783144654 0
42448081 0
42874069 0
42874072 0
42874074 0
42874076 0
42874078 0
60929249 0
42874087 0
4382842407 0
4384069429 0
60929278 0
373929217 0
4382842415 0
42448162 20
42743079 0
42448171 43
42874179 0
42874186 0
42448203 21
42874192 0
42448216 0
42448238 42
42448254 42
42448257 18
1919595910 0
2883532168 0
1919595914 33
1919595915 187
1919595916 76
42481037 0
1919595918 47
1919595920 0
247084433 0
1919595922 0
1919595924 2
1919595925 69
3834459542 0
1919595927 40
1919595928 44
1919595929 1
247084442 0
247084443 0
298792355 0
42453236 33
595703226 13
42448317 1
42448326 116
42448329 40
42448338 64
3091412470 0
42448379 130
103855619 0
3272816133 0
42448390 64
103855623 0
595703304 0
42448430 24
3569858104 0
3569858112 0
42425955 44
42448469 46
3630249566 7
103855742 0
2072447253 0
42841755 0
42841760 0
42448549 3
42448552 23
42448554 0
42743468 0
42841773 0
42448558 1
42841778 0
42448563 177
42448568 40
42743481 0
42448570 1
3579426492 58
42841790 0
4379778677 0
1251456706 0
1251456707 0
1251456713 0
488257229 0
42448593 32
3341858521 0
3341858522 0
3341858523 3
42874596 0
296859370 0
296859373 0
103855858 0
42874618 0
296859388 0
42874622 0
42874625 0
42874628 0
42874631 0
42874636 0
42874640 0
296859413 0
42874646 0
3705255709 0
296859423 0
1261680417 0
42448674 19
1261680422 0
1261680426 0
1261680429 0
296859440 0
1261680434 1
42448693 149
1261680442 0
1261680445 0
1261680449 0
42448707 131
1261680453 1
1261680455 1
1261680457 0
3037017930 0
1261680460 0
588592974 15
1261680467 0
42448726 15
42448729 0
42465072 0
42448745 71
588593059 0
42907558 0
42448811 66
42448813 66
42448828 0
42436939 58
42481610 0
42436943 57
103135210 0
2991208461 0
247085079 96
42442415 58
480491548 0
42448930 70
276314176 0
276314179 0
276314180 0
561035333 80
276314182 0
276314183 0
561035338 16
561035343 220
301545554 0
301545555 0
301545556 0
301545557 0
561035350 68
561035351 1
561035357 29
561035358 35
561035359 30
561035360 39
561035361 92
561035362 42
561035363 38
561035364 34
561035365 44
561035366 51
561035367 39
561035368 45
561035369 33
561035370 77
561035371 38
561035372 75
561035373 95
561035374 43
561035375 38
561035376 50
561035377 26
561035378 53
561035379 56
561035380 105
561035381 38
561035382 73
42449017 62
301545594 0
42449021 34
301545598 0
42449023 16
301545602 0
301545603 0
42449029 26
276314246 0
301545614 0
42449045 17
103856288 0
42449067 31
3829872815 1
42491592 0
2439690418 0
1478572211 30
42449076 20
42449089 22
2439690438 0
588593353 9
42449098 0
2439690443 0
246649346 28
1478572253 0
42449127 10
42449187 43
42744103 0
2340960600 59
42482011 0
661993821 0
42514785 0
42842479 0
42482034 0
588036470 0
588036474 0
42842492 0
42482048 0
42442475 30
298563974 0
3655086558 0
42449308 52
103856544 0
42449314 46
42449333 44
103201208 0
103201209 0
42449341 62
42842559 0
42449345 44
42842564 0
42449352 17
588593611 121
42842573 0
482654674 0
42842580 0
42449390 0
42482165 0
1251457537 0
42449413 0
42449422 39
42514959 0
42449427 50
2216999449 0
301546019 0
2216999460 0
42482227 0
42514998 0
42512016 0
2548042170 0
42908259 0
42515050 0
42442514 37
1506445762 29
42449550 42
42908315 0
1814477468 34
42449570 25
42449576 28
3783146160 0
3783146162 0
42478194 0
3783146166 15
3783146170 0
42449597 42
3783146174 0
42449600 21
42442528 32
42482372 0
3783146184 0
42449613 52
42449627 8
42482398 0
42449631 16
42449634 25
42449637 19
42449639 16
42449641 10
42449644 18
370870738 0
42449653 13
42449654 9
42449656 25
42482429 0
42482433 0
42802987 0
42449683 111
42449685 287
42449689 3
42449691 11
767998755 0
247085867 0
103856943 0
482655039 0
42482509 0
42442552 45
42908498 0
307870549 0
42908503 0
307870558 0
42737467 0
42908517 0
598227824 0
42482552 0
42442559 10
42482557 0
598227849 0
246889362 0
529054613 0
60923716 0
42449833 21
42449840 62
247086019 0
279151954 1
42431650 37
598227919 0
42449874 81
42449886 40
42449890 39
42449893 60
1506445822 21
480492539 0
42449918 75
42449926 38
42449928 98
42449932 180
103103505 0
42449938 86
42449942 87
42449945 179
42449947 78
42449948 82
42449954 91
42449956 91
42449961 77
42449963 92
42449971 0
42449979 152
1815133244 75
42449982 53
42449985 47
42449991 48
4235738196 0
42450009 52
42450015 87
42810468 0
480492646 0
42450025 38
42450028 59
42450030 45
42450035 24
482655348 0
42450037 32
42450044 122
42450048 13
42450052 24
42843270 0
42450055 40
42450057 51
298564749 0
3977886863 0
3977886865 1
42450066 35
42450071 86
42450080 32
42450083 58
293780657 0
293780668 0
293780670 0
293780672 0
42843340 0
103136467 0
42874062 0
4019305696 0
103136485 0
1692450029 73
4019305710 0
42908911 0
4019305715 0
42908922 0
3749657851 0
302464258 0
4019305744 0
4019305747 0
4019305749 0
4019305765 0
4019305786 0
42450275 13
598031719 0
42941801 0
246857083 14
246857084 103
103866263 0
480492947 0
4019305890 0
42442651 56
42450341 72
3891969467 0
3891969468 1
3891969470 0
3891969471 0
4019305931 0
4019305940 0
4019305942 0
300563943 0
300563945 0
300563947 0
300563948 0
247119341 0
42450426 106
1893285378 0
4244408921 3
42450456 24
42515994 0
42450460 1
42450468 68
3785702957 0
3785702958 0
247122525 0
247119420 0
247119422 0
3477651017 0
42497866 0
246890098 47
1657650822 0
1657650826 0
3392519824 0
3392519826 0
3392519828 0
3392519830 0
3392519831 0
3392519833 1
3392519835 2
3392519839 0
3392519843 0
42917830 0
3392519846 0
3392519848 0
598228660 0
3392519863 0
3392519865 1
3392519867 0
3392519868 0
3392519869 0
3392519871 0
3392519878 0
3392519879 3
42483410 0
42483414 0
247119596 0
42483438 0
42453630 69
449658617 0
42450688 71
597311233 0
4143824664 0
3579133722 0
3579133724 0
246890279 0
42483504 0
103137081 0
42876764 0
42483551 0
42483560 0
42876788 0
42876791 0
42876795 0
42909564 0
3096657792 0
42450820 22
247119753 263
247119759 0
247119760 0
247119761 0
1205714835 5
42778520 0
103137183 0
247119784 0
247119785 0
247119786 3
103202760 0
103202782 0
247119856 48
247119857 0
3096657911 0
1773060097 10
1773060099 1
278609934 0
1254408221 0
598622240 0
598622241 0
598622261 0
598622265 0
598622267 0
598622270 0
76464195 0
598622278 0
598622280 0
42844233 0
598622288 0
42844241 0
308363346 0
246890579 53
598622293 0
300859478 0
598622296 0
42844251 0
247119974 0
42844264 0
103096338 0
42844271 0
3857334397 2
42844299 0
567820429 0
42844306 0
103235749 0
103858345 0
103235767 0
103858361 0
295518407 0
103235788 0
42516686 0
42516693 0
42516695 0
4216045795 0
4216045798 0
4216045800 1
42516713 0
4216045802 1
4216045804 0
42844397 0
4216045808 0
4216045810 0
42481022 0
4216045816 3
246923513 0
4216045821 0
4216045822 0
4216045828 0
42481025 0
4216045832 0
4216045834 0
4216045835 2
4216045838 0
4216045840 0
76464404 0
247120149 0
247120150 0
4216045847 1
4216045848 0
4216045849 0
76464410 0
4216045851 0
4216045852 1
4216045854 0
1919595912 28
3834459531 0
103858511 0
766001495 0
1919595921 58
247084436 0
3184509306 0
103858562 0
42910092 0
42513816 0
1632878994 1
3630219668 2
103858585 0
103858587 0
42451370 169
3420766635 0
3420766636 4
42484164 0
42484167 0
42484171 0
4375003603 0
42484186 0
247120348 0
42484200 0
103858697 0
694895124 0
42437384 49
103858748 0
3857400388 1
3857400393 0
2058920035 0
3857400404 0
3857400409 3
42451564 79
76464754 0
42812019 0
250546966 0
42451593 12
373932683 0
42451604 18
294062873 0
3569402521 0
3833447069 0
598033054 0
2481865390 2
42746544 0
246858431 0
246858433 0
42451650 26
246858435 1
42451660 39
246858445 34
246858448 0
246858449 0
42451674 86
42451695 51
42451736 46
76464924 0
42451744 23
42451754 15
1506591534 0
1506591536 0
276316979 0
42451766 18
42451773 3
42451787 40
42910587 0
3285697426 0
42877845 0
246891414 0
42877849 0
42877851 0
246858654 159
3285697439 0
42877856 0
42877861 0
76465081 0
746243097 0
746243101 0
42452006 32
42452015 40
42779698 0
42779702 0
42452026 44
42484806 0
42452040 30
42746959 0
42452056 92
42452067 61
42452076 25
42452084 21
42452107 15
42452117 10
42452130 5
1272562861 0
42452147 36
60924107 0
2423997639 0
4332700903 0
1272562931 47
373933306 0
42779909 0
103859491 0
42747177 0
42747180 0
61261104 0
42747188 0
42747190 0
42452290 1
1775176473 0
42452314 60
597443933 0
1209943391 0
597443942 0
42452330 38
1545532990 0
42452353 106
42452365 92
42432068 33
2499757467 0
600524194 0
42452396 7
597444020 0
597444023 0
595314104 47
597444030 0
597444036 0
595314120 37
76465622 0
103171552 0
4145432042 3
42825301 0
3391966123 0
42452485 17
42452495 47
42452564 40
103162133 0
42452610 23
42452613 0
3377383055 0
2041169566 0
2302133933 25
42845872 0
103859910 0
2313537249 0
42452708 22
3903014642 0
3562587893 0
3562587894 0
3562587895 0
3562587896 0
3562587897 0
3562587898 0
3562587899 0
3562587900 0
3562587901 0
3562587902 1
42437589 95
3562587904 2
3562587905 1
3562587906 2
593839875 0
3562587908 2
593839881 0
3919350744 0
593839894 94
663799618 0
42452809 12
42452812 0
42452814 39
42452816 24
42452817 53
3919350757 0
299386721 0
3919350760 0
276318087 0
42470380 0
42452875 66
42485646 0
42452882 35
103162181 0
1293174690 0
42846142 0
42846147 0
42846151 0
42485710 0
42452951 26
42452954 0
42452956 53
42432165 174
42443088 42
42452973 145
42452975 107
2823833584 1
3839412209 1
103172087 0
42841770 0
42453000 21
42518540 0
42453005 0
42453007 7
42453011 17
593840148 0
3099326126 30
42911782 0
42453038 15
42453059 1
42497720 0
685164631 56
402475097 112
301910107 0
42841786 0
2010237030 0
42453104 22
301910133 0
301910138 0
42432191 11
301910152 0
301910153 0
301910154 0
42841795 0
301910165 0
301910176 0
301910180 0
42453158 26
42453166 34
2324482224 9
103205043 0
42453175 17
42453177 10
42453183 0
42453187 80
103205062 0
301910215 0
103205070 0
103205077 0
301910237 0
42453216 16
42453220 42
42453226 40
42748139 0
103139570 0
752535796 0
42453241 67
42453246 195
42453251 6
42453253 37
3285698869 0
3285698876 0
42453310 82
42486083 0
3285698885 0
3839412552 0
42453365 20
42453395 110
42453398 77
42453417 50
42514162 0
3919350764 0
42453541 0
42453545 67
42453548 0
42453555 0
42879545 0
42453564 44
103860806 0
42453575 87
103860811 0
42879564 0
42453586 59
4019305919 0
42486362 0
247122523 0
247122524 0
42486365 0
42453601 29
247122531 0
42453604 50
247122533 1
247122534 0
42453607 35
42453610 29
42453613 6
42453624 19
42846846 0
490457730 0
490457737 0
3569749101 0
3569749102 11
42432282 67
294095984 0
42453691 29
3569749109 0
42519250 0
42453717 77
106089178 0
103860955 0
103860969 0
42453757 10
42453773 12
42453777 22
3569749123 0
1381944089 0
42874672 0
597773093 0
597773094 0
597773095 0
597773107 0
42748728 0
42432308 12
3569749130 0
597773119 0
42748737 0
597773128 0
3391966026 0
673008462 21
3569749133 0
3391966039 0
103107428 0
42448701 189
103861105 0
42825534 0
3569749140 0
103861117 0
103172991 0
3814476678 0
42453902 77
3814476688 0
3569749144 0
3391966112 0
3156429739 0
42453934 13
42825544 0
42453943 25
42448714 124
42453952 27
42514254 0
42760015 0
42453986 38
42453999 25
42454006 2
42454010 48
42454012 1
42912771 0
42912776 0
247122967 0
247122968 0
247122969 0
42454042 42
42486817 0
42448735 52
3448818752 0
42432352 90
42454102 8
42749016 0
2468400256 0
2468400257 0
103861405 0
103861407 0
247123109 60
42454189 15
42454192 0
42454196 49
42454209 26
103861445 0
3579432156 66
3579432160 28
3579432161 22
3579432162 29
42519809 0
42519812 0
2411416839 0
4217720078 0
4217720080 0
4217720082 0
4217720084 0
42487063 0
42880308 0
42454325 117
42454328 2
1369722081 0
42476088 0
42454368 23
529288546 0
4244360547 9
42454378 44
42454381 28
103195198 0
3853864315 0
42454401 13
274681226 0
42454423 34
42454428 88
42454433 117
370888100 28
3842788780 0
4374613428 0
4374613430 0
1825841739 159
42454495 0
42421728 11
42421731 35
42421737 47
42421741 28
42421745 0
42421749 12
370893396 0
42454522 84
42421769 35
42454538 39
42421772 43
42421775 0
42421776 20
42421783 53
42454553 63
3857343067 0
42421800 39
42421803 42
42421806 24
42421809 0
42421810 28
42421820 21
3857343072 1
42454600 19
42454611 17
4191917275 3
42454622 8
2435108453 0
3857343079 3
1773063789 13
2435108462 1
42421877 34
42421889 46
42454660 14
42847895 0
247123611 0
247123612 0
42454691 1
42454701 60
103861936 0
42421941 16
42421951 1
42421960 18
42421965 0
42421969 43
42421972 0
42454742 21
42421982 69
42421985 39
42421993 23
42421996 43
42422000 31
42422006 0
42487551 0
42422016 12
42422018 12
42487555 0
42487558 0
42422026 34
42487564 0
42454798 53
42487567 0
42487570 0
42422038 38
42422042 35
1695371036 23
4145794845 0
42487583 0
4321038135 16
4321038136 0
587812665 0
4321038139 7
4321038144 0
4321038145 0
4321038147 1
4321038149 3
3446656845 0
3446656847 0
765251408 15
246861652 9
3446656856 0
42749785 0
765251431 53
103173996 0
276320116 0
42749813 0
3502019745 0
4012724160 289
42454994 53
103862228 0
42454997 36
593300815 0
42455007 34
42455013 19
42422258 32
42422270 11
42455039 111
406048768 11
1793478658 0
1793478660 0
42471829 0
42422283 78
294998032 0
42455059 19
42455083 43
103186672 0
42455113 0
2799390796 0
42455119 96
3377461262 0
4145434712 15
103191038 0
4129804713 0
276385904 0
721834106 0
721834109 0
42881151 0
42455175 24
42520715 0
42455181 29
103207071 0
42455200 85
42520740 0
42815676 0
42455234 11
42469653 0
103108806 0
42455245 27
42455252 24
42455259 15
42815780 0
42455335 16
42455337 18
373936427 0
42815799 0
42815807 0
42422592 123
42815820 0
42815824 0
42815829 0
42815834 0
42455396 33
42455412 15
4145586922 0
247128811 0
4129804701 0
4129804702 4
4129804711 2
595481001 1
373903786 17
276314186 0
42455493 28
103174599 0
2472137170 0
42455509 34
42488278 0
42815975 0
42815983 0
2472137215 0
42488328 0
42488343 0
42521134 0
42488408 0
42448996 156
42488411 0
470209120 0
470209122 15
301545575 0
42488429 0
42455662 52
42455666 0
42422899 54
42455675 89
295228034 0
301545580 0
42455693 23
42455694 0
42455695 67
247222929 0
42449007 44
42436935 34
42449010 67
301545587 0
42455735 65
42488507 0
222024381 0
276314230 0
42455751 277
42455761 65
222024417 0
597414626 0
597414627 0
597414628 0
42423020 340
561042188 0
561042190 0
561042191 0
561042192 0
561042193 0
561042194 0
561042195 0
561042198 0
561042199 57
561042200 0
3360772889 0
561042203 1
561042204 189
42423070 0
222024487 0
42455867 53
42423101 24
3946500927 0
3946500929 0
42423116 122
42455887 30
597414736 0
597414738 0
4115878744 34
42455897 57
559862621 0
42455915 21
42849138 0
42455929 0
42455931 10
42455932 26
42455934 38
1538237248 31
597414788 0
597414789 0
597414802 0
597414803 0
42455963 59
597414813 0
42423203 119
42423206 2
597414825 0
597414826 0
103863232 0
103863234 0
103863241 0
4217721804 0
4217721808 0
4217721811 0
4217721814 0
42849240 0
4217721818 0
4217721820 0
42849245 0
4217721822 0
4217721825 0
42431490 51
4217721827 0
4217721829 0
4217721831 0
42456041 52
4217721837 0
4217721840 0
42456049 189
4217721842 0
4217721844 0
4217721846 0
4217721848 0
4217721851 0
42456060 77
4217721854 0
42423295 26
4217721857 0
42456066 42
246862852 1
4217721864 0
4217721866 0
42456076 65
4217721871 0
4217721874 0
42456084 312
4217721878 0
4217721881 0
42456091 67
4217721884 0
4217721887 0
4217721890 0
42423331 12
42456101 43
4217721896 0
42456107 28
596366381 0
42456110 35
42456115 303
42456162 52
42825916 0
42488944 0
103863417 0
2141026495 31
42456197 27
103863432 0
42423456 114
2963821760 0
42521803 0
42825933 0
3847026390 1
4398994649 0
42456297 30
42456303 14
42423549 17
42456331 75
42423564 91
42423565 12
3884569924 0
3884569931 116
42427278 18
42521949 0
42849630 0
42521956 0
42849642 0
103241068 0
42432744 23
42849658 0
42849669 0
42849703 0
42456492 13
42849714 0
579655095 0
42432756 27
42849730 0
103863750 0
42423752 5
42825975 0
42849740 0
42849745 0
42849749 0
42849753 0
42456543 54
427840998 39
4290991591 0
42456555 61
42456568 48
42456575 12
42456578 0
42456598 0
42456611 62
427841062 0
427841071 13
427841073 0
103883702 0
42423885 178
42456683 32
42456708 8
42456711 29
977458841 0
42718876 0
752178858 0
42476487 0
3778729670 0
42432802 40
42424025 0
42424032 28
1332762348 0
42424089 486
42424098 230
42424109 92
42456888 0
1332860731 36
3686061906 1
3686061913 0
3686061914 105
3686061920 0
3686061922 0
42438291 6
300570488 0
300570489 0
103110531 0
42454679 39
42817428 0
42456986 22
42882973 0
42882974 0
42882975 0
42882977 0
42817446 0
42882983 0
42882987 0
479156141 0
42882996 0
297097141 0
42882999 0
297097144 0
42883002 0
42817469 0
42883008 0
42424258 0
42883012 0
42489803 0
42883022 0
42883028 0
42883064 0
42489860 0
42424334 0
42883096 0
42424347 0
42883101 0
42424354 1
42915899 0
42424382 0
42424408 63
246874388 16
42424427 60
42424439 66
42457209 2
2472695933 0
103864489 0
295229623 0
529062089 0
247224529 0
103209178 0
42457311 64
42457319 24
42817771 0
42457325 3
597711097 0
432756990 0
42421974 30
103864595 0
103864601 0
103864602 0
103864606 0
42424609 0
298604834 0
1761401124 11
298604839 0
42424619 54
42424672 49
103864694 0
103864695 0
598268281 0
42424703 43
42457476 33
296933778 0
296933779 0
296933786 0
2340960668 0
103864749 0
103864751 0
42424789 112
42436326 29
103864793 0
298605029 0
3009534450 0
3009534454 0
3009534455 0
3009534459 1
42487552 0
3009534469 0
3009534470 21
3009534472 2
42424851 45
427842070 5
42424864 60
42719790 0
598202928 0
42719798 0
42457660 0
42818110 0
42818120 0
42422028 131
1993136714 0
103144019 0
1993136726 0
1241864793 0
42424937 0
42457728 8
42818182 0
42457735 4
42449005 73
42818193 0
42818203 0
42818207 0
42818209 0
103872966 0
247224999 0
1733614298 19
42457821 62
100522728 96
3783088880 5
100522741 3
42432980 25
103865124 0
42425127 28
246648627 15
4347733129 89
390519635 69
42425232 52
595786222 0
42818471 0
42818480 0
42752947 0
42818487 0
3928841144 2
42818490 0
42752956 0
42752959 0
42752962 0
42752966 0
42818504 0
42818511 0
42818515 0
246861647 0
42818528 0
2512378850 9
3785612259 179
374463462 3
42818542 0
103865337 0
103865342 0
42458112 28
42818563 0
42425348 76
42818567 0
42818573 0
42433027 16
42476718 0
103865370 0
277385050 0
42514949 0
103865376 0
42523684 0
103865393 0
42440290 53
254342115 0
42441382 23
42490968 0
42866924 0
42433046 14
296377496 0
103865533 0
103865535 0
103111874 0
103865542 0
42458313 21
42433058 24
103865552 0
42753240 0
42458333 72
42753246 0
42425570 0
42458342 42
42523893 0
103865593 0
482663674 0
3581500675 0
103865632 0
42449027 13
3248774449 2
103865667 0
42425681 0
42491226 0
42864528 0
595352937 48
278630291 0
42753396 0
42753403 0
42753407 0
42753413 0
103865739 0
42753425 0
42851731 0
42753429 0
42753432 0
42753435 0
1762221470 24
103865766 0
3413663146 0
559865278 0
703585743 0
703585744 0
3656019783 0
2419285518 38
4382842396 1
4382842398 0
103177764 0
402480678 0
4158807591 0
4382842410 12
4158807596 37
42491439 0
4382842416 5
4382842417 1
4382842419 0
4382842420 0
42491450 0
103177788 0
1764626363 5
42458728 22
1490116221 0
103865986 0
42458766 0
42426011 0
42491554 0
42491565 0
42491569 0
205020852 0
42491582 0
42491585 0
1773067972 0
272195270 55
272195271 70
272195272 131
42491599 0
42884818 0
42491613 0
42491625 0
42491627 0
103862226 0
42491632 0
42491638 0
42491641 0
42491642 0
42753795 0
598433545 0
42753809 0
297051441 0
42426172 239
42458943 33
42786626 0
103112569 0
591454081 26
103866250 0
42786700 0
1764424345 67
42459041 0
42786722 0
42455026 25
2947964848 1
103866300 0
596271046 0
42459098 68
42459114 56
103866348 0
42917869 0
42819566 0
42917872 0
42819569 0
42459137 0
42426374 0
295231527 0
42459180 21
701063220 13
370892861 0
42455051 52
2809356357 0
42474150 0
731930706 1
471240718 0
42885345 0
3019038994 1
42885400 0
3019039006 12
3019039007 0
298606882 0
42492196 0
42459436 25
42492210 0
298606926 0
42492239 0
293272292 0
42459493 21
42426747 61
4145439100 0
4145439101 2
4145439102 0
103309701 0
103866758 0
103309709 0
293790120 0
42426799 18
293790139 0
42426816 2
42852816 0
42482424 0
1506599378 47
479715801 0
479715815 0
4382384621 0
42426865 2
103866867 0
2548031991 0
2548031992 0
42492409 0
42492415 0
272196096 30
1740694093 0
370893395 0
299098708 0
42426971 44
3857343069 1
371188320 0
3857343073 5
479715943 0
3857343080 1
103866985 0
529556095 0
42427009 19
42885762 0
103867019 0
103867026 0
2012177085 1
42427086 0
42427112 16
42427115 26
247128812 0
247128814 0
42427122 20
106717940 0
106717941 0
42427126 18
42427128 29
42427133 119
42427136 88
42427139 30
42427143 61
42427146 17
42427150 49
42427152 24
42427156 16
597844758 0
42427159 11
42427164 28
42427168 40
42427867 37
1754817317 0
1754817323 2
42427185 18
42427190 78
42427196 13
597844800 0
42427206 12
42427212 38
42427216 43
103867217 0
246866788 0
246866793 13
246866798 0
246866806 1
246866810 0
42492802 0
246866828 21
246866830 22
42427281 0
246866840 0
42427290 1
42427300 41
42427305 35
42427307 15
42427311 34
42427316 163
42427319 39
42427324 39
42427327 74
42427335 46
42427346 40
42427352 22
293266393 0
42427358 61
3974095843 2
42427369 45
42427371 65
42427374 54
42427381 83
42427386 30
42427390 52
42427393 65
371188750 7
1642095632 0
42427411 16
42427423 70
42427426 51
42427427 56
247227451 0
1545167946 0
42427477 49
42427483 76
42427494 106
103867498 0
42427507 18
60810374 0
3584752496 0
42455238 9
103867568 0
3040306365 5
42722498 0
302245078 0
103867611 0
42820836 0
42820840 0
42433404 0
3817760020 0
3817760021 0
42493206 0
3817760023 0
3817760024 1
3817760025 0
3817760026 0
3817760027 0
3817760029 0
3817760030 0
3817760031 0
3817760032 0
3817760033 53
3817760034 0
3817760035 0
3817760039 0
3817760041 3
3817760043 0
3817760045 60
3817760047 0
42482569 0
302245181 0
302245184 0
42427742 16
42427744 26
42427762 151
42427769 39
2404083070 0
42427780 58
42427786 45
42427787 41
42427797 106
61269400 0
42427972 49
42427805 91
42427812 227
302245287 0
42427817 49
42427821 163
42427824 32
42427828 65
42427844 36
3554502085 0
42427852 35
42427855 16
42427859 63
42427863 24
42493403 0
42427870 64
42427873 25
42427877 11
42427881 46
42427894 1
42427915 140
42427919 0
42427926 0
42427965 161
432760382 0
42427968 255
42427970 242
103867972 0
103867974 0
42427975 33
42427979 42
42427985 65
42427991 116
42427996 24
42428003 99
42428005 114
42428007 115
42428010 79
42428012 45
42428013 43
42428014 49
42428015 31
42428016 42
42428020 57
42428022 30
42428024 31
42428027 34
42428029 33
42428032 23
42428034 28
42428037 45
42428039 32
42428043 24
42428045 32
42446925 81
42428047 44
4216055440 0
42428049 43
42428052 38
42428061 25
42428063 47
42428065 0
42428068 7
42428072 16
103179948 0
42428080 43
42428082 42
42428086 37
42428090 11
42428094 66
42428124 52
2404083427 0
42428134 24
103865549 0
3413665526 0
42815785 0
3413665532 0
42919687 0
42428170 29
42428174 32
42428179 24
42428183 20
42428192 42
42428198 16
42428201 26
42428206 0
42438963 41
42428212 13
42428216 38
42428220 56
42526525 0
42428223 51
3562563394 0
42428227 21
42428232 46
42428234 36
42428239 31
3250349906 0
42428244 0
3250349909 0
42428248 24
42428253 57
42874655 0
42428258 30
42755942 0
4216055441 1
42428264 30
42428268 26
42428272 42
42428277 37
42428283 28
42428287 83
42428291 41
42428294 36
42428297 207
42428300 85
42428303 128
42428305 84
42428307 56
42428308 68
42428310 48
3817760663 0
42428312 53
42428313 43
42428315 64
3817760670 0
3817760672 0
42428321 46
42428328 48
42428329 108
42428332 67
3946506160 0
3946506161 0
42428345 0
103147167 0
60811206 0
42428365 61
42428366 32
42428368 12
42428370 8
42428371 10
42428374 14
42428376 45
42428377 12
42428379 10
42428385 43
2057103332 0
42428391 78
2057103336 0
42428402 46
42428405 51
42428408 18
42428411 52
42428417 39
42428420 40
42477228 0
42428428 51
2057103373 0
42428433 337
42428434 16
42428436 64
42428438 72
42439001 41
42428441 91
42428444 82
42428447 5
42428454 63
42428458 24
42428460 23
42428464 22
1997760561 0
42428468 42
42428471 18
42428473 50
42428476 28
588113982 0
42428480 25
42428483 32
42428489 47
42428491 46
42428493 93
42494033 0
60811360 0
42428527 31
42428529 65
1764747381 0
42494080 0
1764747393 0
4320028807 0
103114888 0
4320028816 0
4320028818 0
42428570 0
4320028830 3
42428575 2
42428579 0
4320028836 0
42428583 0
42428588 7
42428590 0
42428595 68
42428598 1
103868600 0
42428601 1
42433567 32
42428604 0
103868606 0
42428610 0
3971196619 2
42461394 0
42428634 61
3971196623 0
42428637 1
103868638 0
42428640 0
42428643 3
42428645 1
42428648 0
595749100 0
42428653 1
60811504 0
42428657 0
448227573 0
42428663 0
3971196628 3
595749116 0
103868669 0
42428670 0
42428674 0
42428678 0
42428682 0
42428689 0
761293078 10
42428695 1
42428701 0
42428705 0
42428709 0
42428711 0
42428714 0
3402819884 0
3402819885 0
42428720 0
42428723 0
42428725 0
42428728 0
42428737 0
42428742 0
42428746 0
42428751 0
42442584 263
3601295702 3
3601295704 11
103868773 0
103868779 0
42428782 48
387180914 83
387180916 108
279603573 0
3601295737 0
42428799 45
2061592973 42
2321279382 0
3601295768 0
42428833 33
103868842 0
42428844 0
103147955 0
42723765 0
42428863 54
42439073 60
3413665527 0
42428892 123
530475491 0
1258875372 0
1258875373 0
42428919 28
42428922 6
103148029 0
42428926 1
42428928 0
42428931 1
4207143428 0
42428934 0
42428936 1
42428939 3
42428941 1
42428944 0
42920467 0
42428951 0
42428953 2
42428956 1
42428958 0
42428961 0
42428962 1
42428964 0
42428965 0
42428966 2
42428967 0
42428970 0
42428973 1
42428975 0
42428978 4
42428980 45
42428984 36
42428985 28
42428989 30
42442592 93
42428994 28
42428998 38
42429002 26
42429006 51
42429011 0
42429013 1
42429017 123
764734042 0
764734043 0
764734045 0
42429023 63
1258875489 0
42429029 98
588114535 0
42429044 107
1258875532 0
42429072 49
42429083 56
588114597 0
42429094 26
103869101 0
42429104 56
103869105 0
589298803 1
42429109 42
1792535228 0
1286793918 0
1792535233 0
42439323 0
3569749100 0
573401827 0
1934650086 0
42429174 21
2837768960 0
593816329 17
103246603 0
1258875665 0
103246612 0
42429211 18
42429212 12
42429215 101
3809536800 0
42429217 68
42429220 79
42429222 106
3809536808 2
42429226 56
42429228 34
42429231 45
42429242 21
1258875710 0
297462592 0
593816397 35
42450061 23
1258875733 0
2089937767 0
1258875754 0
42494845 0
42429314 25
3976008172 1
598228119 0
42429324 44
42920850 0
42429334 83
42429338 87
42429340 115
42429342 59
42527647 0
42429348 12
3446959013 0
3446959014 0
593816490 0
42920889 0
42920892 0
42429373 65
42429374 72
42429375 40
42429378 21
42494920 0
42429394 71
765357011 1
2029349871 0
246649342 0
42826923 0
42429452 11
588114957 0
42429457 13
588114966 0
42429466 26
597748763 0
588114972 0
42429474 3
588114979 0
305556519 0
3932847282 1
588114994 0
4015418422 28
588115006 0
3932847285 1
42429504 47
42429530 54
42429532 38
42429541 39
598043765 0
42429562 37
42429563 25
598043772 0
598043773 0
598043774 0
598043775 0
598043776 0
42429570 174
598043780 0
598043781 0
598043782 0
598043783 0
488264215 0
598043788 0
598043790 0
598043791 0
598043792 0
598043793 0
598043800 0
588115098 0
598043811 0
3645158801 0
205024444 0
588115139 0
42429636 14
42429637 43
2089938123 0
42429645 1
42439203 66
42429652 35
42429657 66
42429659 99
42429661 56
42429662 53
42429663 50
42429664 44
42429666 59
42429680 24
42429682 28
42429685 0
42429688 31
42429690 41
42429693 74
42429694 66
103869696 0
103869698 0
103869700 0
42429704 16
103214357 0
42429718 9
42429727 21
42429744 93
2091642163 0
588115253 0
42429752 0
42429754 231
42429756 0
298806591 0
42429761 0
42429762 181
103214403 0
103214404 0
42429766 5
588115271 0
42429769 129
42429773 233
42429782 115
588115290 0
2715512169 0
42429806 65
42429812 50
42429825 32
482536836 0
42429830 15
42429832 11
42855824 0
2057103256 0
42429844 22
42724759 0
4217721868 0
1544809885 65
1544809891 0
42442621 28
42888621 0
42429874 48
42429876 46
42888633 0
42429888 48
3686034882 0
42429896 37
42429900 62
42888656 0
3567807957 4
42888664 0
42429918 67
42888672 0
4019305723 0
103869949 0
2457398797 0
42429970 32
42429971 35
42429974 53
42429976 51
42429980 118
42429981 278
42429986 95
42455643 154
103116324 0
293301804 0
42429998 61
42429999 17
42430004 45
42430007 28
42430030 73
42430034 68
42430038 57
42430041 127
42430044 31
2969267808 0
42430050 18
42430052 32
42430056 0
42430060 31
42430063 45
42430068 75
42430075 50
2025165419 0
42430115 64
42430118 28
42430122 42
248606379 0
42430126 70
42728734 0
42430138 32
42430143 133
42430147 12
42430154 4
42430160 15
42430164 24
4320194261 15
42430167 34
4320194264 0
4320194265 4
2693557987 0
2832297701 0
2832297702 0
2693557993 0
42430187 12
42430205 13
42430217 50
42430231 103
42430233 28
42430235 65
42430237 71
42430241 59
42430247 52
42430249 95
42430253 214
42430255 46
42430257 56
42430259 60
42528566 0
42430263 90
42430265 132
42430269 90
42430271 203
42430274 98
42430277 104
42430279 115
42430282 127
42430288 91
42430292 126
42430295 124
62915509 94
42430298 68
42430304 153
42430308 103
103280486 0
42430311 120
42430314 146
42430317 107
42430320 142
42430324 106
42430329 65
103870331 0
42430333 297
3827330944 0
42430338 112
42430342 129
42430344 141
42430347 95
42430350 123
42430352 128
42430356 123
42430358 117
42430361 135
42430363 118
42430367 167
42430371 139
103870373 0
1775267750 0
42430375 105
103870377 0
42430378 139
103870382 0
42430384 262
42430390 116
103870392 0
42430394 166
42725324 0
42725346 0
62915514 120
103247861 0
42430474 26
42430477 1
42430479 48
42430482 39
42430485 61
42430488 59
42463272 0
42428425 43
3718672443 74
371337226 27
42430529 0
371337227 0
42430535 4
2481877067 263
42856527 0
42430550 36
42856537 0
42856541 0
42856544 0
42856546 0
42856551 0
42430571 0
42856556 0
42856560 0
42856563 0
42856566 0
42856569 0
42856571 0
42430589 0
42430594 32
42463363 0
42430597 58
42430600 32
42463370 0
42430603 33
42856588 0
42463374 0
42430607 73
293302419 0
293302420 0
42430629 40
42430633 153
42430639 18
42430643 48
42430646 39
42430651 63
42856636 0
42430664 381
1280340170 116
42856651 0
42430669 116
42430673 280
42430677 97
42430680 88
42856667 0
42430685 90
42430688 77
42856675 0
42430694 79
42856679 0
42430698 69
42823917 0
42430704 40
42430707 67
42823926 0
42430713 46
42823931 0
42823933 0
42823936 0
42823938 0
42823940 0
42823944 0
370897167 0
42430736 36
42430739 52
42430742 45
42430745 129
42430747 32
42430749 40
2521229360 0
42430761 82
42430782 57
42430791 15
42430803 31
42430805 47
42430811 32
42430813 24
42430818 15
246649574 0
42430824 41
246649575 0
42430828 61
42430848 11
42430857 29
42430861 22
1770713491 0
42430872 16
42824096 0
3015668131 0
42430886 35
42463657 0
42824112 0
42430898 66
42824118 0
42430903 58
42824124 0
42824130 0
42725827 0
42824136 0
42430924 25
42824141 0
42824147 0
42824149 0
42824152 0
42430938 20
42430942 35
42824162 0
42824167 0
42824169 0
597783018 0
42824172 0
42496494 0
42758639 0
42824176 0
42758642 0
42824181 0
42758654 0
42430983 53
42430984 47
42430985 35
42430989 67
3015668241 0
597783063 0
42431000 56
42431002 47
42431004 63
42431005 21
597783071 0
42431008 33
42431009 21
42431015 21
42431019 77
42431024 20
42431027 17
42431030 18
42431034 26
42431037 27
42431039 16
42431044 22
42431057 13
42431067 14
42431078 15
42431089 26
42431094 27
42431096 32
596669050 0
42431099 111
42431102 22
42431104 15
42431106 14
42431107 38
42431108 15
103215751 0
42431113 10
42431116 12
42431118 9
42431121 6
561042201 55
3099327940 4
301497801 0
42431165 39
42431168 77
42463947 0
42824399 0
42431187 104
42431193 3
589099740 25
42431200 17
61275600 94
301298404 0
42431210 54
301497811 0
293303035 0
42431230 15
61275605 87
42431234 15
42431242 46
42496779 0
42431252 54
293303062 0
3099327961 6
42431257 123
42496795 0
42431260 202
4024169245 0
3874681643 0
3874681652 0
248708582 0
589099881 9
248708583 0
246862616 16
294417263 0
42477588 0
298939300 0
61272997 34
61273004 148
42431413 0
3778245561 0
42464200 0
42431447 28
3891950553 1
3891950555 0
42431452 50
42431453 22
42431459 29
42431464 33
42431470 36
42464239 0
297890807 0
297890813 0
297890818 0
42431491 11
42431497 33
42450434 58
42431503 50
42431519 46
42464292 0
42431528 15
42431544 106
42431549 59
42431556 158
42431560 60
3942249545 14
42431563 59
3377460312 0
3377460323 0
42529893 0
276299284 0
42431611 62
42431614 36
42431617 50
42431626 113
254342293 0
42431643 12
42431649 34
3377460386 0
530805923 0
42431652 30
297890981 0
42431654 42
42898289 0
42431656 53
42431659 92
42431661 82
42434077 28
746124464 0
1205715001 3
42431671 27
42431674 19
42431677 0
42431678 34
42431680 50
42431681 62
42431684 47
42890450 0
373880031 0
297891076 0
1241183499 0
3785702959 0
42431773 44
42434098 110
42431793 143
42431802 51
42431804 48
42431805 28
596775819 16
42431812 15
42431814 21
3817756012 0
3778313786 0
42431844 27
298775916 0
42464631 0
42431868 63
42431877 27
42431889 16
42464662 0
42431898 121
2357946608 0
42428661 0
1283225030 0
1772058063 7
1772058064 0
42461438 0
42431992 26
42432000 11
42825232 0
42497588 0
42432054 9
42464823 0
42464824 0
42432057 48
42464827 0
42432060 38
42497598 0
42464832 0
42432066 64
42464836 0
42464838 0
42432071 15
42530376 0
42432073 6
42432075 40
42464844 0
42432078 27
42464848 0
42432083 39
42432085 52
2063038040 0
42825307 0
42432097 10
42432099 41
42432105 36
42432108 34
42497646 0
42432111 10
42432127 8
42432135 26
597325451 0
42432142 106
42442697 27
42432148 37
42432152 52
42497691 0
42432156 35
694854464 0
42432161 37
3099326116 10
3099326117 41
3099326118 2
3099326119 5
3099326120 2
3099326121 36
3099326122 35
3099326124 8
42432174 27
3099326127 7
3099326128 22
42432178 26
1283225267 3
42432181 27
4217721801 0
42432184 2
42497721 0
42497727 0
42432194 19
42432199 13
42497737 0
42464975 0
42432208 35
3831856760 1
42432214 37
596776057 50
3847026392 0
42432223 0
42432226 7
42432228 4
3831856764 0
42923756 0
42497777 0
42432244 134
42432246 193
42432250 65
42923772 0
3554932481 0
42428716 0
4217721816 0
42497813 0
2631530266 0
42497821 0
42497826 0
42497832 0
42432302 49
42497840 0
42432305 20
42465076 0
42465078 0
1918039864 2
42465082 0
599062332 0
1918039869 0
42497854 0
42497855 0
42497859 0
1918039877 147
42825542 0
1918039880 15
42825546 0
42825551 0
42497875 0
42825558 0
1918039896 26
1918039897 112
1918039898 62
1918039901 58
1918039904 316
42497892 0
42497899 0
4217721833 0
276035449 0
2499803009 0
42727302 0
42432395 0
3308681112 0
3308681118 0
42432436 36
42432438 42
42432444 56
42432451 89
2402842564 0
2402842565 0
2402842566 0
2402842567 0
42432458 18
42465230 0
2402842575 0
42432464 76
42465233 0
42465234 0
103872499 0
42727425 0
3377461261 0
42465294 0
42428760 0
4217721860 0
42465312 0
3377461282 1
103872547 0
42432556 27
42432558 54
42432564 55
42432572 13
42432580 164
42432585 140
42793036 0
42432589 114
42432594 99
42793045 0
42432598 66
42434233 19
42793048 0
42432605 0
103857853 0
2842884211 0
4217721876 0
2404084075 0
42825865 0
2842884234 0
42825868 0
42432659 120
42825879 0
42432665 31
293337242 0
293337245 0
42825887 0
293337253 0
42825901 0
42825906 0
42432693 132
293337270 0
42825913 0
42432700 168
42432703 109
2141026496 52
42432706 123
2141026502 31
2141026503 215
2141026509 19
2141026514 5
2141026516 33
2141026518 144
2141026521 27
2141026522 2
42434255 96
276297950 0
4217721893 0
42432736 8
42432737 20
2141026532 168
387184869 53
2141026536 35
2141026548 18
2141026551 114
42825989 0
42432785 0
1289222420 13
42432789 68
293337366 0
42826008 0
42432795 35
103872796 0
42432799 49
42826016 0
2504882466 0
42826023 0
293337390 0
42432818 237
103872820 0
42434270 52
103872823 0
42432825 167
42826042 0
42826048 0
3778345281 0
42432834 212
42826053 0
3778345287 0
2504882506 15
2238282059 0
42432847 123
42826064 0
2238282070 0
42432856 0
298809690 0
42432861 339
42432871 47
596775998 0
42465657 0
42465660 0
42465661 0
42465664 0
1575123339 0
3250354584 0
42432928 61
42432929 218
42432961 38
42432963 92
42432966 9
42432967 16
42432970 13
42432974 8
42432975 16
595655123 3
595655124 3
42432983 6
42432985 55
42432990 18
42432992 18
42432994 14
4273797604 0
42432999 26
595786219 0
1754823149 0
2238282222 0
2238282226 0
42433014 13
42433020 20
42433024 13
2238282243 0
42433030 2
42433035 5
42433041 0
42433043 9
42433044 19
2140994070 0
595786268 0
297466397 0
595786271 0
42433057 14
595786274 0
2238282275 0
42433060 28
42433062 35
2238282279 0
42433064 28
42433066 48
42433068 34
42433069 20
42433072 24
42433075 19
42433077 22
42433080 15
42465849 0
42465852 0
42465857 0
3584752195 4
3584752198 0
3584752200 0
42433097 17
3584752205 0
42531407 0
3584752208 0
42433107 16
3584752212 0
3584752215 13
42433115 24
3584752226 0
3584752231 7
3584752242 0
42833001 0
42433151 35
2883385992 0
3584752265 10
1764424330 0
2238282383 0
3584752273 0
2238282386 0
3584752276 6
42793624 0
3584752281 0
2238282394 0
3584752292 0
302257265 0
596776052 54
42478027 0
42442733 65
42433229 47
42833017 0
42433252 17
293272293 0
42433272 11
42433281 11
1775270664 0
100662028 0
100662030 4
42433298 10
100662035 0
42433302 21
1996323624 136
42434354 27
42761006 0
42433339 23
302257290 0
2355624814 0
2355624816 0
3584752497 0
3584752508 15
3584752515 0
3584752516 1
3584752520 1
3584752522 0
3584752526 9
42466196 0
2059303830 0
4379966360 0
4379966362 0
4379966363 0
2355624862 0
4379966379 0
4379966380 0
3772840882 24
2059303879 0
42439842 102
103873489 0
4207143418 0
596776103 29
4207143421 32
42433537 34
42466306 0
42433539 55
42433542 55
103185415 0
42433545 1
42433547 48
42433550 28
42433551 32
42433554 29
2919234579 0
593886228 6
42433561 3
42433564 34
42433565 69
301497375 0
42433569 14
42433573 94
42433574 13
42433577 18
301497387 0
42433587 9
42439861 108
42499136 0
42433604 119
2059304008 0
42433611 106
42433620 149
42826837 0
42433625 115
42826843 0
42433644 96
42826864 0
42428947 1
42826868 0
42466423 0
42826872 0
42826878 0
416480385 9
42826882 0
42466438 0
42826887 0
42826890 0
2059304076 0
42826898 0
42920473 0
1740700830 0
302257351 0
42826926 0
42826930 0
3932847284 0
1807940789 0
3932847293 0
42871329 0
247073284 0
42433743 99
1241742563 44
42434428 67
42433779 10
61275380 0
42433800 6
4304633107 0
3884612885 0
42433822 21
1241742627 138
4191917276 1
103873839 0
1258875444 0
2047573317 0
596776163 20
276299101 0
103873891 0
42433901 0
764738926 11
588152176 0
588152191 0
2034007426 0
588152199 0
42478146 0
597294481 0
597294482 0
597294483 0
1241742743 33
597294501 0
276299179 0
3099327930 40
3099327931 2
2295070142 0
301497795 0
301497796 0
301497799 0
3099327944 42
3099327945 7
301497803 0
3099327948 52
3099327950 27
3099327951 5
3099327952 117
61275601 1
301497810 0
3099327955 98
3099327957 1
597294550 0
301497815 0
301497817 0
3099327962 24
3099327964 21
3099327965 40
3099327966 24
3099327968 1
3099327970 48
3099327972 64
3099327974 16
3099327975 62
3099327976 11
1692433907 9
1692433928 37
1692433932 41
1692433935 86
1692433940 33
1692433941 13
276299287 0
42434072 71
42434074 40
42478170 0
42434085 32
42434087 73
42434090 111
42434092 19
308641326 0
308641330 0
308641333 0
42434105 66
308641338 0
42434110 24
42825919 0
308641345 0
3778313813 0
588152411 0
42434140 62
42434142 70
42434145 38
42434148 20
4216045844 3
42434156 27
42434158 48
42434160 43
42434161 25
42919588 0
42434165 11
42434166 13
3831856759 111
42434168 0
42434169 14
3831856762 0
3831856763 0
42434172 48
42434175 60
42827392 0
42729089 0
42434179 52
42434196 4
42434201 70
42434205 40
42434215 19
451051181 0
42434226 35
42435516 69
588114548 0
3485078815 0
42439968 104
42434246 21
42434249 124
42467018 0
42434251 72
42424218 0
42467023 0
42467024 0
42434259 51
42434262 65
42434264 24
42434268 49
42467038 0
42434271 75
42434279 46
103874283 0
42434285 42
42434306 4
42434308 28
42499854 0
42434338 5
42434340 26
42434343 36
42434352 41
593854257 0
42893106 0
42434355 26
42434357 26
42434358 15
42434360 12
42434361 39
593854267 0
42434377 17
42434382 19
42434384 48
42434385 51
42434386 53
42434389 43
42434412 15
301498234 0
42434427 122
1209761660 1
42434429 99
301498239 0
42434434 159
301498245 0
42434439 261
301498248 0
298286988 0
301498253 0
42499982 0
301498258 0
42729363 0
1533280148 0
301498263 0
42440004 69
301498266 0
301498277 0
301498281 0
42434481 0
301498297 0
301498307 0
301498311 0
42500041 0
301498314 0
42500046 0
301498327 0
4161568740 0
4161568744 0
2524315626 0
2524315630 0
374472690 0
42860531 0
373882872 0
