373915670 0
1773076509 0
1773076511 1
1773076514 46
42827811 0
42860580 0
42827817 0
42860586 0
42860591 0
482541616 0
42860595 0
42860603 0
42827843 0
2302476358 0
302743630 0
302743633 0
302743637 0
302743638 0
302743640 0
42467417 0
302743643 0
302743645 0
302743647 0
302743653 0
373882982 0
42467431 0
302743657 0
302743661 0
1828749423 0
1828749425 0
302743666 0
302743667 0
302743668 0
301498486 0
301498490 0
302743677 0
302743678 0
302743679 0
302743682 0
302743686 0
302743689 0
302743694 0
42818131 0
301498515 0
301498516 0
301498517 0
301498522 0
301498523 0
301498528 0
42467507 0
42762422 0
42762425 0
60915901 0
293830851 0
293830854 0
42423674 23
301498592 0
301498594 0
301498596 0
301498606 0
42795247 0
301498608 0
103186674 0
301498614 0
42434807 17
103186680 0
42434810 3
2539225339 0
42434821 9
298287370 0
301498640 0
301498641 0
246874386 0
246874387 0
301498644 0
301498645 0
42434845 7
596776325 0
301498660 0
301498662 0
301498664 0
1773076778 0
42434871 5
42926395 0
42926398 0
42926409 0
42434894 0
42434895 8
42434898 4
301498711 0
42434904 0
42434905 3
301498714 0
301498715 0
42434910 3
42434912 5
761594218 0
42434935 0
2262434175 0
42434946 18
42434948 8
3248816517 1
42434951 21
42434954 10
246579597 10
42434959 10
42434962 3
42434965 25
246579608 0
42434969 0
42434974 9
479166879 0
597328292 0
42434989 8
42833309 0
42434992 2
598622281 0
4332700771 1
486867405 11
1544596217 0
3248816608 0
598622289 0
486867432 18
598622290 0
451052015 0
42467839 0
42467842 0
486867459 0
3248816651 0
302743641 0
103121435 0
486867490 12
246579751 0
246579753 0
486867513 1
2664563266 0
246874701 0
246874702 0
294093394 0
294093397 0
294093402 0
4207313499 0
486867548 21
4207313503 0
4207313504 0
370705004 0
103154290 0
294093431 0
294093434 0
294093435 0
42435198 2
42533517 0
294093454 0
42730127 0
294093456 0
294093457 0
294093459 0
294093460 0
42435222 16
294093463 0
294093464 0
294093466 0
294093467 0
294093470 0
42435231 10
294093473 0
42435234 4
294093476 0
294093477 0
294093479 0
294093481 0
294093483 0
294093484 0
1828749426 0
294093487 0
294093488 0
42435250 3
1828749427 0
42435253 3
42435257 1
42435261 15
42435264 8
42435265 2
42435266 6
42435269 2
3809536801 0
42435272 3
42435275 17
42435283 3
3809536804 0
42435295 4
42435301 2
42435308 5
42435310 28
42435312 3
42435316 2
42435317 6
2462253814 0
42435319 6
42435323 5
2709968341 0
42435328 3
42435331 4
42435333 4
42435335 8
42435336 1
42435337 1
42435341 4
42435343 2
42435346 0
3927578073 0
42435359 13
42435392 11
588546882 3
42435395 7
42435396 11
42435398 18
42435400 11
588546891 3
3008856911 0
3008856913 0
246580055 0
42435420 22
42435422 13
3008856931 0
3008856932 0
1927807845 0
246580071 0
42435448 5
42763131 0
42435456 3
297042819 0
42435470 3
42435472 2
42926995 0
42435477 5
42927001 0
42435491 3
42435497 4
42435499 4
42435504 0
42435509 7
42435514 6
62915516 9
42435518 11
62915521 11
42435522 0
62915525 8
42435534 3
62915536 5
1112485703 0
42435578 3
42435581 4
42435596 38
42435598 4
42435599 10
42435603 7
42435610 8
42435618 6
42435624 13
42435629 11
42435632 14
42435633 9
42435642 35
42435644 45
42435645 13
42435646 14
42435650 13
42435654 19
42435657 27
42435660 17
246580301 0
42435663 73
42435668 13
42435671 26
42435675 14
42435677 17
42435680 13
42435684 8
42435687 16
246580334 0
42435702 5
42435705 6
246580346 0
42435707 14
42435710 12
42435714 30
42435716 14
3325564441 0
42435736 9
3008857241 0
3008857243 0
302257690 0
3008857246 0
42534052 0
486868138 0
103875777 0
42501318 0
42435803 32
42435805 74
4288677093 31
246580466 3
2295039220 0
42435844 52
1577583880 0
42435850 5
42435852 8
705234189 0
42435856 21
42435860 22
42435861 11
42435863 8
42435865 9
103875869 0
3778381087 0
42435873 2
42435876 2
42435881 0
42435885 8
42435891 3
42435894 4
42435898 12
42736336 0
1506902240 1
42435916 6
3104245072 0
42435921 0
42435922 5
42435931 7
42435943 13
247072104 0
42429330 0
42435957 19
42468744 0
225183118 0
42796436 0
301498607 0
42434800 13
42796462 0
349242804 0
42436024 0
592643522 0
592643538 0
4216045817 0
42436056 8
42436060 2
42436064 5
42436083 8
1773078006 22
42436088 2
42731002 0
246580736 0
42436097 1
42731010 0
42833494 0
42436109 5
42731023 0
246580758 12
42731033 0
2711029280 14
42436129 5
42436134 3
42833501 0
42436149 2
42436152 0
246580797 0
589928034 28
42436181 5
746718807 0
42436187 5
42833510 0
302257767 0
247120148 0
589928042 13
3827336858 0
3827336862 0
3827336868 0
3827336883 0
42436285 4
42436288 4
42436293 4
42436308 1
42436316 2
274335455 2
42436322 2
42862310 0
3827599085 0
42436335 3
42436336 6
42436340 6
246580982 0
42436353 1
42436355 9
42436359 2
42436364 4
42436369 1
42436371 5
42436374 4
42436377 1
42436381 3
42436384 2
42436390 1
42436393 5
42436396 8
42436400 0
42436404 2
42436407 3
42436411 2
42436423 3
42436427 3
42436431 3
42436439 3
225183576 0
42469212 0
42469214 0
2411399009 0
42436475 12
42436477 10
42436481 0
42436484 8
42436486 11
486868873 0
42436492 15
2025097111 0
42436510 8
42436511 5
42436514 0
42436516 3
595462053 0
42436519 11
42436527 29
42436531 30
42796983 0
42436537 1
42436539 3
42436541 0
42436544 8
42436546 6
42436549 6
42436551 6
42469320 0
42436556 2
42895311 0
2075592658 4
301498702 0
42436567 4
301498703 0
42436575 2
247072736 0
247072737 0
42436578 11
277481443 0
42436582 7
42436586 11
42436590 11
42436598 3
42436604 3
42436610 9
42469382 0
42436619 5
42469391 0
42436624 13
42436627 10
42436630 3
301498713 0
42469400 0
42436637 3
598050847 0
42436640 5
42436641 0
42436644 2
42436647 3
42436651 6
42436653 11
103254094 0
42436700 14
42436701 9
42436703 0
42436705 6
42436707 24
42436710 20
588114961 0
42436714 13
42436719 2
42469489 0
42436726 1
103876732 0
371239958 0
42436746 7
42436748 16
42436751 8
42436753 13
42436754 9
42436756 13
42895509 0
597748762 0
42436770 0
42436779 4
42436784 3
42436788 0
42866377 0
42436793 2
42436806 3
42436807 5
42436812 3
3778729677 0
477530321 0
3786901732 7
42469606 0
42469607 0
3786901739 0
42469612 0
42469614 0
3786901747 0
103876853 0
42502404 0
42469640 0
42469645 0
4234578190 0
298289423 0
4234578192 0
4234578193 0
4234578194 0
42469651 0
2072447252 0
277481749 0
298289432 0
42469657 0
42436894 3
486869282 0
42436903 6
42436911 3
42436913 3
42436914 0
42436917 5
42436919 3
42436921 7
42436922 5
3278932287 0
3278932288 0
3278932289 0
3278932290 0
42764615 0
2351532363 0
42436941 14
42436942 8
2351532367 0
42436944 5
2351532369 0
42436947 6
2351532373 1
3278932311 0
3278932312 1
3278932313 0
42436957 2
2810120555 0
2140997998 0
2810120567 0
42436985 2
42436990 9
103115840 0
225184141 0
42926489 0
42437018 18
42437021 19
297109922 0
297109923 0
297109925 0
297109926 0
297109928 0
297109930 0
247073198 2
247073199 0
42437050 3
42437052 4
42437058 2
42437067 4
42437074 10
370870741 0
42437078 6
42437082 5
42437084 30
1506445797 1
42437108 12
42437109 9
42437113 24
42437114 12
42437118 6
42437124 8
247073285 0
42437128 0
246909454 0
42437135 0
42502674 0
297110049 0
4448520738 0
246876728 0
42437177 34
246876730 0
297110078 0
42437188 37
42437204 14
4012935769 0
42437222 4
103877239 0
42437280 7
42437283 15
42437287 8
42437289 18
42437300 3
42437305 14
42437312 2
42470082 0
42437319 7
752650952 0
42437324 25
42437326 1
3248816589 0
42437333 11
42437339 11
276204253 0
42437343 18
42437346 11
42437349 12
42437358 49
42429565 7
42437363 43
42437368 51
42437371 30
598054698 0
42437379 0
247073541 0
42502920 0
42437396 22
294062870 0
42437401 6
294062882 0
276204325 0
294062892 0
294062893 0
42437423 3
294062896 0
42437425 3
294062898 0
294062899 0
42437428 0
294062902 0
294062903 0
294062904 0
42437433 3
294062906 0
294062907 0
42437436 8
294062910 0
294062911 0
42437445 7
294062920 0
294062921 0
42437451 7
294062924 0
294062925 0
276204366 0
42437465 5
42437472 2
42437481 0
276204398 0
60918686 3
42437536 6
765889458 0
486869939 53
42437559 9
42437564 9
42470343 0
42470346 0
42437580 22
2034011088 0
42470354 0
297929685 0
3919350742 0
3919350743 0
42470360 0
3919350745 0
3919350751 0
3919350754 0
42437605 17
3919350758 0
42437608 0
3919350761 0
3919350763 0
42437612 0
42437613 0
42470385 0
42437618 0
42470387 0
42437626 11
42437644 55
3248816643 0
42437654 51
42437663 31
3325791265 0
42437670 37
106138663 0
42437678 0
42437686 5
42437688 11
42437693 9
42437699 18
2792787013 0
42440545 10
3569749093 0
3569749094 0
3569749095 0
3569749097 0
3569749098 0
3569749099 0
294095980 0
294095981 0
294095982 0
3569749103 26
246647920 0
3569749105 0
3569749106 0
3569749107 0
3569749108 0
42437749 13
3569749110 0
3569749111 0
3569749112 0
42437753 4
42437755 7
42437757 1
3569749119 0
42437760 19
3029929089 0
3569749122 0
42437763 12
3569749125 0
3569749126 0
3569749127 0
3569749129 0
42437770 12
42437773 8
42437775 0
3029929106 0
3029929108 0
3569749141 0
3029929110 0
3569749143 0
3029929112 0
3569749145 0
42437786 2
42732710 0
103877800 0
300570483 0
294096056 0
42429643 2
42437830 18
42437845 1
4235734224 0
42437874 0
42437881 27
246648063 0
42437890 30
42437909 19
42437914 19
42437917 2
42437918 3
42437921 0
42437923 5
593300772 0
42732842 0
42437932 1
42732852 0
3096612154 0
42437949 12
598248774 0
42437959 25
42437962 0
42437965 0
42437967 16
42437972 0
42437980 9
42437988 0
42437990 0
598248807 0
42437992 4
42437996 14
481201523 0
765365624 0
42732922 0
3096612222 0
42438018 5
42438024 1
42896784 0
3096612242 0
4011396500 0
4011396502 0
42438043 1
42896796 0
42438045 6
42438052 2
481201577 0
42896812 0
3224210865 0
42732983 0
42424225 7
593300940 0
3096612301 0
598043896 0
42825882 0
103222764 0
4011396596 0
103214336 0
42438155 1
42896918 0
3096612379 0
42438174 5
4207313500 1
42438186 4
42438189 3
42438199 5
246877761 0
246877762 0
1825803850 0
42438228 4
42438235 30
42438236 0
42438240 33
295013992 0
42883005 0
42438257 5
4332457588 0
42438275 0
103878277 0
42438281 0
103878291 0
42438292 2
42438295 2
42438297 2
42471076 0
294093426 0
42883019 0
103878349 0
42438362 0
1691389661 0
4209410683 0
42471180 0
42503949 0
42471183 0
42503956 0
42471197 0
42471201 0
247074607 11
246648626 0
42429747 5
296856884 0
42438463 0
42438476 5
471240527 0
42438485 3
42438487 3
42504024 0
42438490 1
42897243 0
588115258 0
42504031 0
42471265 0
42438498 4
42438503 7
42438506 7
42438509 9
42438513 4
3573482131 0
42504053 0
42438531 13
278630279 0
42438544 9
42438547 10
103878555 0
3846772721 0
42864553 0
3833447070 0
294093471 0
1764626366 1
3778744257 0
588115277 0
103878609 0
103878611 0
278630368 0
247074801 0
246878196 5
103190527 0
1504153604 11
752619534 0
42438672 13
42438674 5
1504153626 10
60919842 0
294093490 0
42438704 89
42438707 25
42504249 0
42504253 0
42799170 0
246878283 0
246878284 2
42438774 16
42438784 17
42438785 7
42864770 0
42438788 0
42438791 4
42438795 0
42864781 0
42438798 4
42438800 3
42438802 5
42438805 7
42438809 1
42438836 17
42438839 9
476025020 0
3630436544 0
42438859 8
42438862 6
1728266957 0
42438881 4
42438886 7
42451665 0
42438889 9
42438891 13
42438894 24
42733813 0
42438908 7
42438923 11
42438928 14
295276818 0
42471710 0
42438949 3
42471719 0
42438953 3
42471722 0
3204944172 0
42471726 0
42438961 2
42471731 0
42471733 0
42438971 4
42438973 10
1852281160 0
42471754 0
42471764 0
293802329 0
42439006 19
1544809872 19
42471779 0
42471785 0
42471787 0
42439025 16
1952059776 0
498897281 0
42439042 12
106074504 0
588546798 5
42439070 12
451019504 0
42439096 5
42439099 5
42440785 15
3976008171 0
2862420460 0
3976008173 0
3976008174 0
3976008176 2
3976008177 0
3976008178 0
278630910 0
246649343 4
246649344 0
246649345 3
42439170 17
42439178 13
42439181 23
42439191 0
3874689569 1
3874689571 2
42439207 2
42439210 2
3874689580 6
42439213 2
42439225 0
765596218 0
449581627 0
42439228 2
42439236 8
42832453 0
42439243 0
42439249 3
246649427 0
246649429 3
2025165403 0
1731564125 0
2025165409 0
2025165414 0
2025165415 0
42439272 15
2025165417 0
42439275 6
2025165421 0
2025165422 0
42439280 7
42439286 5
42461484 0
42439295 3
42832512 0
42429890 6
42832531 0
3477246612 0
246878874 0
246878875 0
246878876 0
42799780 0
42439345 13
103223998 0
42734286 0
103125713 0
42439389 4
42439392 1
246649570 0
42439395 1
2509345510 0
42439399 7
42734314 0
42439403 7
42439406 9
3639382767 0
42439409 3
42439416 6
370880729 0
761860869 0
42439440 33
596788016 7
42439464 13
42439488 18
42439490 19
42439497 8
627905367 5
42898265 0
42439527 1
42439530 2
42439533 0
308679535 0
42439537 0
103093107 0
596775808 0
42439553 1
42439556 8
42439557 0
42439559 6
42439561 8
42439563 5
42439567 13
596775825 4
42439580 2
596775840 9
42439588 21
596775851 0
596775852 0
596775855 0
596775856 1
42439601 9
596775867 0
596775870 0
293344192 0
76464971 0
596775876 7
596775882 0
274699215 0
3341915089 0
3341915090 0
3341915091 0
596775892 11
596775900 9
596775907 0
596775914 0
596775919 0
42439673 0
596775930 14
596775935 0
596775941 15
596775946 19
596775951 8
596775963 0
596775973 7
3008856924 0
596775979 4
596775985 0
764744759 0
103093310 0
103879746 0
302257223 0
596776009 9
596776017 11
42832979 0
596776021 4
42832982 0
42832985 0
596776027 7
42832988 0
42832991 0
596776032 14
42832996 0
42832999 0
596776041 8
42833005 0
596776046 4
42833009 0
42833012 0
471241849 0
596776063 4
103879816 0
596776074 10
103879819 0
103879821 0
596776078 6
42439823 31
42439826 7
596776083 5
42439830 8
596776089 13
42439834 12
42439836 12
596776095 6
42439840 14
42833057 0
246879394 0
42505383 0
476026026 0
42865836 0
42505389 0
42505393 0
596776115 2
277386421 0
596776120 6
42505402 0
596776127 7
60921024 0
60921025 0
596776132 9
42505415 0
42505420 0
2457398818 0
42439887 10
596776144 3
596776150 6
42505433 0
42439899 36
596776156 5
42439905 1
42435451 16
596776164 10
596776165 4
42439910 0
596776167 1
302257385 0
596776173 8
302257391 0
596776177 6
42439922 0
42439924 1
42439927 9
42439929 0
302257406 0
596776201 24
42439952 23
42439955 17
42439960 17
2619272751 0
42439964 18
488248607 0
596776224 15
2987758882 0
2987758883 0
42439972 13
302257448 0
42439981 15
42439984 18
42433138 1
42439990 8
42439994 11
42439996 11
42447323 9
42440001 5
42865986 0
596776260 20
42440009 10
302257482 0
42440012 11
42440015 5
302257488 0
42440020 9
42440022 24
42440025 4
1261680432 0
42833250 0
42505576 0
42833259 0
746132849 0
42833266 0
42440052 0
596776314 0
42833276 0
42440069 5
42768620 0
294065560 0
42833306 0
294065563 0
596776349 10
42833312 0
42833316 0
42833321 0
42833328 0
440243634 0
440243635 0
42833332 0
440243638 0
42833340 0
596776386 0
589927878 0
589927879 26
42866935 0
42440144 9
103880145 0
42833367 0
3927578072 0
42440153 6
596776413 8
440243680 0
42440163 11
42800613 0
42440170 6
3783071220 0
596776442 13
302257661 0
3783071232 0
219780613 0
302257671 0
302257674 0
3783071243 0
302257677 0
3783071246 0
440243737 0
596776474 8
302257711 0
596776497 34
589927991 0
42440253 0
277386815 0
42440258 6
42440270 1
589928020 5
3788379733 3
596776534 32
42440280 3
42440282 19
589928028 24
589928029 4
589928030 12
42440287 3
589928033 14
596776546 10
589928035 4
589928037 0
589928038 0
589928039 0
589928040 7
589928041 7
1251612266 0
42833515 0
302257784 0
42440313 33
3670414976 3
596776578 0
42440323 18
42440325 5
42440326 13
103869228 0
42440330 15
246650510 0
596776594 9
246650523 0
246650524 0
42440350 10
596776613 1
596776624 12
42505910 0
42440376 1
42440381 5
42866368 0
42440385 3
42866370 0
42866373 0
42505929 0
42833612 0
42866381 0
596776654 1
596776656 0
42440401 0
42833618 0
596776659 0
42440408 16
595105499 0
1701844700 0
4378236641 4
2503677681 0
42440452 9
42440453 6
42440456 0
42440459 9
42440463 16
42440465 15
42440469 14
42441007 5
598054695 0
1701844777 0
1773082410 0
595105581 0
42440494 4
3817760665 0
595105589 7
595105592 0
42440527 3
42440532 0
42800986 0
42473313 0
42440553 4
3817760667 0
42440565 8
42440566 2
42440567 2
103126910 0
103126912 0
42440577 0
595793811 0
42506170 0
42866622 0
482842560 0
42866625 0
4302903239 0
42866632 0
3252590541 0
3252590542 0
3252590543 0
3252590544 0
246650838 3
42866647 0
246650840 0
42866652 0
276207581 0
276207583 0
42866657 0
42866664 0
42866667 0
42440686 3
1112485544 0
61271722 19
42440710 51
42440721 35
42440729 49
42440737 35
3742668836 0
42440743 52
42440754 12
278632502 0
278632503 0
42506300 0
42735968 0
3778416706 0
1828749428 0
103880785 0
42440798 9
42473569 0
42440804 15
42440810 14
42440815 29
276207729 0
42440820 9
42440823 12
42440825 8
42473595 0
42440829 13
42440838 50
2411403404 0
42440850 1
65902741 0
42440854 5
42440873 2
42768584 0
301275344 0
42440916 2
42440918 0
42768599 0
42768611 0
42768613 0
42440935 7
42866920 0
42834156 0
42834164 0
42440951 16
42866942 0
42440960 14
42440966 14
42932488 0
42932492 0
42440973 11
1112485592 0
805771544 3
42441000 11
440244527 0
440244528 0
42441009 10
805771586 0
529799493 0
42867029 0
103881056 0
373889390 0
42735984 0
2321258879 0
299178371 0
42441099 2
2703104396 0
246913431 2
103881168 0
246651360 0
246651361 0
42473959 0
42801650 0
103881210 0
103881212 0
42506750 0
42899974 0
42441254 4
597826088 0
42441263 0
597826100 0
42441276 0
42441283 1
597826118 0
3842775629 7
42441295 0
42517603 0
3842775637 1
597826139 0
42932839 0
597826154 0
42801787 0
42932884 0
597826198 0
42932888 0
42736282 0
597826209 0
3096615590 0
597826217 0
597826225 0
42932921 0
1769708232 1
1769708236 0
449616592 0
42932948 0
246580345 0
42866365 0
2423522427 19
597727988 0
597727992 0
597727993 0
246651647 0
246651648 0
597728004 0
597728014 0
597728022 0
597728024 0
597728029 0
1541937951 0
597728036 0
597728040 0
597728043 0
597728050 0
42441535 1
42856246 0
60922694 0
597728082 0
42900309 0
42441564 2
42441569 1
103193445 0
597728103 0
42441587 2
42464834 0
3341917064 0
3341917065 0
3341917066 0
3341917067 0
3341917068 0
42856258 0
597728145 0
1541938066 0
597728147 0
597728148 0
597728149 0
597728150 0
597728151 0
597728152 0
597728153 0
597728154 0
597728157 0
597728158 0
597728159 0
597728160 0
3096615848 0
3096615849 0
3096615851 0
3096615852 0
3096615853 0
3096615854 0
3096615855 0
3891960758 0
3891960759 0
3891960760 0
60922812 0
103872546 0
42441668 5
42867654 0
103160779 0
3686051662 0
1112485711 0
3795557341 0
42900482 0
42736651 0
103881776 0
1919595917 5
42441805 3
42441823 6
3480362090 0
4156726384 0
494509169 0
60923008 0
914005129 0
42900636 0
1764400286 0
1764400302 0
42900657 0
1764400306 1
246652083 0
42900660 0
246652085 0
246652086 0
42900665 0
1764400318 0
42900675 0
357637334 0
1329098617 0
3480362200 0
42441949 9
42441950 7
42441952 3
42441953 2
42441956 2
42474733 0
42474746 0
42474795 0
246580445 0
3827330952 0
42446733 9
246881639 0
42802543 0
60923264 0
103882116 0
2645335433 0
3783073166 0
1260335139 0
246652323 0
246652326 0
42474924 0
4347534767 5
597269937 0
42474930 0
42442164 0
42474935 0
60923321 0
595729853 0
4347534783 12
597269952 0
3783073217 0
3783073218 0
597269955 0
246652365 0
42474960 0
3783073233 0
42474962 0
3783073253 0
2891718122 0
3783073260 0
3783073263 0
42441299 2
42442230 8
3783073271 1
42442247 16
3783073288 10
106110474 0
42442255 5
449388060 0
42442269 6
42442273 3
103870384 0
42442276 18
42442286 16
1215606708 0
1372888639 0
42835523 0
42835547 0
449388143 0
42835569 0
103882354 0
42835573 0
4379778679 0
42835588 0
42835590 0
42835593 0
42835597 0
768581265 0
42835602 0
42835606 0
42835611 0
42442410 5
42435869 7
42442417 4
42442422 8
246881975 0
295575225 0
42442432 10
42442445 7
2058919631 0
42442451 1
246652628 0
246652629 0
246652630 0
42442459 5
42442463 14
42442469 5
1773084391 4
246652650 0
246652651 0
42442480 20
1773084402 0
1773084405 1
1773084407 6
1773084410 0
42442492 5
42442502 2
588455694 15
588455698 1
588455700 0
278634272 0
246882084 0
42442534 17
471244587 0
42442542 8
42442549 1
1372888888 0
42442555 2
42442557 4
588455742 8
588455743 22
42737472 0
42442561 7
246652740 0
42442565 3
42442567 0
42442569 15
42442571 2
1372888911 0
246652755 0
246882133 0
42508120 0
42508123 0
4320108384 0
4320108387 0
42803046 0
42442613 21
42442618 4
103882621 0
42442625 15
42475395 0
42442628 8
42442635 6
42442638 14
42442642 6
42442645 3
246882202 0
246882203 0
42442656 7
42442659 5
42442664 3
1420631978 0
42442671 9
42901424 0
588455857 4
246882229 0
246882230 0
42442684 0
561035349 27
103882697 0
103882699 0
42442703 0
42442710 8
4331118556 0
42442717 2
42442722 3
42442723 4
42901476 0
385653414 0
42442728 4
2058919917 0
42442734 49
42442741 1
103882746 0
42442750 0
42442755 6
42442764 3
42442770 5
298917917 0
42442788 2
2058920003 0
2058920018 2
42442842 9
42442843 3
42442848 17
42442850 3
42442851 8
42442857 12
60924012 0
42442862 10
2058920052 0
42442870 19
42442877 16
42442881 12
42442889 35
42442891 20
42442895 13
42442898 13
42442902 10
42442906 0
42442910 0
42442913 10
42442918 15
42442931 27
42442933 16
42442935 19
42442937 54
42442939 8
42442943 14
42442947 16
42442948 13
42442949 11
42442952 10
42442955 10
278634700 0
42442957 13
42442959 18
42442960 9
42442961 25
42442963 20
42442977 15
42442983 3
1203806440 10
103162102 0
42443000 7
42443009 10
42443020 11
42443024 11
42443027 26
42443029 5
42443032 7
42443037 3
42443040 9
42443042 4
42443044 12
42443046 5
42443048 7
42443050 8
103162155 0
42443052 6
103260461 0
42443054 24
42443056 8
42443058 11
42443061 6
42443066 10
42443068 23
42443072 13
42443077 7
42443078 12
42443081 3
42443085 25
103260496 0
42443092 36
103260502 0
42443116 69
42443127 0
1203806626 0
4137591212 0
4320108989 0
1814471103 0
103162306 0
42436001 8
1805328840 0
42475983 0
42475986 0
2385813972 0
298918396 0
42443264 6
42443268 12
42443280 5
114662148 0
42430557 7
42476080 0
42443313 1
1825841715 0
42443320 27
42443326 10
42443329 4
42443332 3
42476102 0
42443336 14
595314103 0
42443341 4
42443344 6
42443346 4
42443347 6
42443349 0
42443353 13
42443363 6
42443366 5
42443373 6
42443381 14
42443388 19
246882948 0
246882949 0
42443403 24
42443406 18
42443413 7
1420632727 0
298918559 0
42443426 7
42803880 0
1279337135 0
4145586916 0
4145586919 0
541467370 0
3783088935 7
595337964 1
4145586932 0
4145586933 0
42443513 4
4145586940 0
42443522 10
1061531777 9
42443528 9
42443532 8
42443534 7
42443549 0
42443556 27
42443561 12
42443563 9
42443570 0
42443574 3
1792549689 0
42443582 1
42476352 0
1061531787 6
2482581646 0
42443612 5
42443613 0
42443614 7
42443615 10
42443618 14
748725094 0
595436395 0
42771315 0
597728063 0
42443659 2
42443671 11
42443674 3
42443676 2
42443680 19
60007350 0
1061531807 28
42935231 0
42476485 0
42447009 20
247079889 0
60007381 0
42476503 0
42476514 0
42476522 0
42476532 0
356623349 0
60007414 0
60007415 0
42476536 0
1538237434 4
42476545 0
42476565 0
42443804 11
42443810 12
42476585 0
42443818 15
42443821 10
486876219 0
42443844 5
42476614 0
42476625 0
42476636 0
103097446 0
42476648 0
103097454 0
42509423 0
42476656 0
42476669 0
694854792 0
694854793 0
2321294500 0
42443950 26
42476732 0
42443965 28
42443975 6
2321294536 0
60007631 0
42476753 0
60007643 0
60007644 0
297051385 0
42444028 4
42444043 8
4321748237 3
4321748238 0
42444049 8
42444051 10
42444055 3
42444060 11
42444069 13
297051435 0
42444081 5
3670418747 0
3341917069 0
42430691 5
42444116 4
42444123 5
42444129 17
597728146 0
3569749104 0
60917021 0
2433000860 0
42444200 4
42444223 1
4090176961 0
2348688837 0
42444230 0
60925389 0
293348823 0
42739178 0
1203709420 2
42444271 7
3734578672 0
42444277 1
42444279 1
42870277 0
42430722 2
2523309612 0
42444353 5
42441654 3
293348946 0
3928841146 0
293348989 0
42444414 3
42444424 16
42477215 0
3446679201 0
42477222 0
42444456 118
42444458 38
103098028 0
42444461 10
42477230 0
42752968 0
42444479 3
42477251 0
42477252 0
42444485 2
42477254 0
42444487 3
42477256 0
3971196618 0
42444491 0
3971196622 0
42444495 4
3971196627 1
42444500 5
42444506 4
3449988835 0
3449988837 0
103884534 0
1657546495 0
42804992 0
42444581 0
529049383 0
3785612258 34
60925784 0
60925795 0
3789563794 0
3932923797 1
42739615 0
371337150 0
247080924 0
299182056 0
3711838194 0
1659021301 0
60925950 12
1659021320 0
42444809 1
42444810 4
3891963915 0
42444812 0
42444814 4
42444817 7
42444820 3
42444827 12
42444829 9
42444832 4
42444833 10
371337250 0
42444835 15
42444854 1
4016646206 4
4016646214 0
493889629 3
42444897 0
2411145323 0
42444909 6
42444916 12
60926076 13
42444928 6
42444933 4
103098504 0
300853392 0
42444947 0
103884953 0
42444954 9
42444960 13
247081122 37
42444964 13
42444985 36
4191922366 1
42444991 17
4191922369 1
42445001 17
42445011 16
42445018 11
42445020 17
42445025 13
42445027 14
42445033 9
4235733228 0
42445037 31
4235733230 0
42445039 12
4235733233 0
4235733234 0
4235733235 0
42445051 10
4024150289 0
42447235 10
748726621 6
1904847201 0
1772136805 0
42838389 0
42445174 6
3778324860 0
587934079 4
42445185 20
42510722 0
42445196 18
300788122 0
42445215 5
300788132 0
4209420712 0
42445225 2
42445227 10
42445230 0
42445232 3
42445236 5
42478008 0
42445247 5
42445256 2
42445259 0
42445261 2
42445263 5
3562587903 0
42445310 6
42445314 0
42871299 0
42871307 0
42510861 0
3562587907 0
42478102 0
42478107 0
42496432 0
42871334 0
42871339 0
42445356 8
42445357 6
42871346 0
42445365 19
42445369 29
42871355 0
2836081212 0
42445374 31
42871360 0
42445378 39
42445382 1
42445387 0
42445390 34
42445392 0
42871379 0
42871386 0
42445404 12
42445409 13
42445411 15
42478180 0
42445413 15
42478183 0
42445417 19
42478191 0
42445426 4
587934347 0
42430914 10
42445466 12
42445474 2
42445479 1
42445481 1
42445484 2
42445489 7
42445498 11
42445511 1
42478283 0
42478287 0
42445520 15
42478289 0
42445534 20
607922912 1
42478307 0
42445543 5
247081705 0
247081706 0
42445548 0
247081711 0
247081712 0
247081715 0
42445558 8
42445561 2
3655086549 0
42445569 8
42740482 0
42445574 12
42480088 0
42445587 15
370924677 1
42478369 0
42445603 7
42445606 5
42478376 0
42445612 2
42445617 6
370913758 0
42445630 1
1472637761 0
42445634 8
42445635 6
42445640 5
42478411 0
42447330 16
42445649 20
42445651 12
42445653 20
42445656 14
42445661 17
42445664 6
42445666 0
42445667 5
42445680 1
42445702 3
2796727177 0
42824174 0
42463727 0
42445731 2
42445733 3
42445736 0
42445738 3
42445740 5
42445748 5
42904507 0
42445757 0
766749630 0
42445766 10
42445769 11
42445773 7
42445817 1
42445823 4
42445827 4
42445840 1
42445843 4
42839062 0
42839067 0
42839076 0
42445867 18
42441907 0
486868830 0
42445879 1
42445885 7
42445888 10
42441910 0
42445896 8
42445899 5
42445903 6
42445908 10
42445909 10
42445910 8
42474681 0
42445914 10
42445916 19
42445917 2
42445920 11
42445924 4
42445926 9
42445928 11
42445930 7
42445936 11
371207282 0
42445941 6
42445947 9
42445950 15
42445953 10
42839172 0
42445961 7
42445972 12
42445976 6
42511521 0
42445994 1
42871990 0
42431007 3
42446013 7
42446016 8
42446021 15
42872008 0
42446026 1
42424610 8
4235734221 0
42446031 3
42872016 0
42446036 7
42446041 1
42872042 0
42446066 1
42446070 0
42446072 5
42436614 0
42446086 10
42446093 2
42446099 7
296856858 0
561949979 3
296856879 0
296856881 0
42446132 2
42436489 11
1209576761 0
42446138 6
3919359296 0
42741058 0
42446147 6
42446152 43
296856905 0
1207381341 0
42446187 17
42446190 33
42511729 0
42446203 1
561950077 1
42446218 11
42446245 4
103230886 0
1209576872 0
42440397 12
42446266 26
42446270 7
4290981311 0
1105800640 0
42446275 21
277032406 0
2025097124 0
2025097125 0
42446331 6
42446337 1
1773121034 4
1773121036 0
42446353 13
42741268 0
42741272 0
42446363 7
42741276 0
42741279 0
42446386 0
300789307 0
300789316 0
42905185 0
42905203 0
766750326 0
42446455 4
766750329 0
42446461 0
42446466 13
42446472 6
42446478 10
103132816 0
1112485522 0
3582406293 0
42446488 14
1112485531 0
60927650 0
3919359655 0
42446504 9
42446506 0
277032631 0
42446521 7
42446528 10
42446533 17
42446547 17
42446552 5
3020369625 0
529051355 0
42446562 5
42446571 6
42446584 2
561950457 0
3036229377 10
3036229381 0
103100169 0
42446604 5
42446622 8
103132964 0
1061531429 19
42431111 0
1061531447 12
42938169 0
449621818 0
247072735 0
1061531454 21
42846177 0
2821304136 3
2821304137 1
2821304138 8
60927822 0
2821304143 0
2821304145 0
2954866520 0
1061531496 11
1061531500 10
42446701 14
1061531504 9
2954866546 0
1061531509 22
1773055865 9
2954866558 0
2954866560 0
42446723 8
1061531525 6
1061531527 4
529280909 0
42458435 0
1061531550 4
1061531566 5
42446772 9
3324555189 0
1061531575 6
42446778 14
1061531593 9
1061531596 13
1061531597 10
205008849 0
1061531603 11
1061531608 10
2473603044 0
3536400365 0
1061531631 2
1061531634 6
1061531637 3
1061531645 7
1061531654 9
42446875 9
1061531682 7
1061531683 7
1061531685 10
42446889 7
561950766 0
1061531695 4
1260335152 0
1061531707 0
1899245629 0
1899245632 0
1061531717 0
597241928 0
1260335181 0
1061531727 6
1061531730 8
1061531731 12
42446932 10
42446933 11
42446934 11
42446935 13
1061531736 7
766750812 0
42446941 6
42446942 20
42446945 7
42446949 8
1061531757 0
42446959 31
1764405361 0
1764405363 1
1061531768 6
42446971 7
42446977 2
42446986 6
42446987 8
1061531790 9
42446991 12
3655086224 0
42446994 6
42446998 10
42446999 7
1061531802 6
1061531803 6
42447007 9
1575006369 0
1061531810 8
1061531815 10
1061531818 6
42447020 16
42447030 3
1061531839 7
1061531847 7
42447060 6
598050852 0
370880731 0
42447069 3
42447076 5
42447084 10
695054577 0
695054578 0
370880761 0
42447105 6
42447115 2
42447126 3
42447132 8
42447136 0
42447144 5
42447149 4
42447166 23
42447169 4
42447174 2
42447176 1
42447179 12
42447182 11
3053662545 0
42447187 9
42447192 3
42447196 15
42447199 49
695054688 0
389001587 0
42447228 10
42447230 0
370914027 0
42447237 4
42447246 1
42447249 2
60928432 0
42425758 1
42447295 4
42447303 3
42807752 0
3655086537 0
42807755 0
42447308 23
42807758 0
42474915 0
42447317 16
42480086 0
42807768 0
42807771 0
42447326 15
42807778 0
42807781 0
746211409 0
298562032 0
42480120 0
42807812 0
42807818 0
308693079 0
598290960 0
42480149 0
308693081 0
193868326 0
42447399 7
42447404 2
42447418 4
42447428 3
42447435 9
300855889 0
4115968601 0
598291035 0
42742384 0
60923328 0
598291074 0
42873480 0
42513041 0
42802627 0
42742426 0
598291108 0
598291114 0
4234425009 0
4234425018 0
42742468 0
4234425037 0
300856014 0
4234425039 0
103199460 0
4249006825 0
4249006827 0
595407625 0
595407628 0
298562323 0
3919359299 0
42808162 0
42808170 0
42808189 0
42808193 0
42808195 0
2891718127 0
595801009 0
595801154 0
595801156 0
595801157 0
595801158 0
301910199 0
1901016191 0
2447553689 0
42841242 0
1989096622 0
2447553712 0
2447553713 0
42874036 0
42874050 0
3875091651 0
42874057 0
42874058 0
42874059 0
42874060 0
3783144654 0
42448081 0
42874069 0
42874072 0
42874074 0
42874076 0
42874078 0
60929249 0
42874087 0
4382842407 0
4384069429 0
60929278 0
373929217 0
4382842415 0
42448162 2
42743079 0
42448171 6
42874179 0
42874186 0
42448203 2
42874192 0
42448216 0
42448238 3
42448254 7
42448257 4
1919595910 0
2883532168 0
1919595914 8
1919595915 47
1919595916 27
42481037 0
1919595918 7
1919595920 0
247084433 0
1919595922 0
1919595924 0
1919595925 14
3834459542 0
1919595927 7
1919595928 5
1919595929 0
247084442 0
247084443 0
298792355 0
42453236 10
595703226 5
42448317 0
42448326 25
42448329 4
42448338 8
3091412470 0
42448379 13
103855619 0
3272816133 0
42448390 17
103855623 0
595703304 0
42448430 2
3569858104 0
3569858112 0
42425955 7
42448469 7
3630249566 6
103855742 0
2072447253 0
42841755 0
42841760 0
42448549 0
42448552 4
42448554 0
42743468 0
42841773 0
42448558 0
42841778 0
42448563 32
42448568 4
42743481 0
42448570 0
3579426492 14
42841790 0
4379778677 0
1251456706 0
1251456707 0
1251456713 0
488257229 0
42448593 3
3341858521 0
3341858522 0
3341858523 0
42874596 0
296859370 0
296859373 0
103855858 0
42874618 0
296859388 0
42874622 0
42874625 0
42874628 0
42874631 0
42874636 0
42874640 0
296859413 0
42874646 0
3705255709 0
296859423 0
1261680417 0
42448674 3
1261680422 0
1261680426 0
1261680429 0
296859440 0
1261680434 0
42448693 45
1261680442 0
1261680445 0
1261680449 0
42448707 46
1261680453 0
1261680455 0
1261680457 0
3037017930 0
1261680460 0
588592974 1
1261680467 0
42448726 2
42448729 0
42465072 0
42448745 9
588593059 0
42907558 0
42448811 7
42448813 8
42448828 0
42436939 4
42481610 0
42436943 15
103135210 0
2991208461 0
247085079 17
42442415 7
480491548 0
42448930 13
276314176 0
276314179 0
276314180 0
561035333 11
276314182 0
276314183 0
561035338 3
561035343 36
301545554 0
301545555 0
301545556 0
301545557 0
561035350 18
561035351 0
561035357 7
561035358 9
561035359 4
561035360 6
561035361 33
561035362 5
561035363 7
561035364 4
561035365 6
561035366 7
561035367 11
561035368 9
561035369 5
561035370 27
561035371 11
561035372 10
561035373 20
561035374 16
561035375 9
561035376 9
561035377 20
561035378 13
561035379 6
561035380 26
561035381 3
561035382 14
42449017 19
301545594 0
42449021 10
301545598 0
42449023 8
301545602 0
301545603 0
42449029 9
276314246 0
301545614 0
42449045 5
103856288 0
42449067 6
3829872815 0
42491592 0
2439690418 0
1478572211 3
42449076 1
42449089 3
2439690438 0
588593353 0
42449098 0
2439690443 0
246649346 5
1478572253 0
42449127 2
42449187 9
42744103 0
2340960600 13
42482011 0
661993821 0
42514785 0
42842479 0
42482034 0
588036470 0
588036474 0
42842492 0
42482048 0
42442475 7
298563974 0
3655086558 0
42449308 13
103856544 0
42449314 12
42449333 12
103201208 0
103201209 0
42449341 8
42842559 0
42449345 7
42842564 0
42449352 4
588593611 14
42842573 0
482654674 0
42842580 0
42449390 1
42482165 0
1251457537 0
42449413 0
42449422 13
42514959 0
42449427 9
2216999449 0
301546019 0
2216999460 0
42482227 0
42514998 0
42512016 0
2548042170 0
42908259 0
42515050 0
42442514 5
1506445762 6
42449550 9
42908315 0
1814477468 3
42449570 2
42449576 3
3783146160 0
3783146162 0
42478194 0
3783146166 8
3783146170 0
42449597 5
3783146174 0
42449600 9
42442528 8
42482372 0
3783146184 0
42449613 16
42449627 1
42482398 0
42449631 4
42449634 2
42449637 2
42449639 3
42449641 1
42449644 3
370870738 0
42449653 2
42449654 2
42449656 3
42482429 0
42482433 0
42802987 0
42449683 10
42449685 24
42449689 0
42449691 6
767998755 0
247085867 0
103856943 0
482655039 0
42482509 0
42442552 3
42908498 0
307870549 0
42908503 0
307870558 0
42737467 0
42908517 0
598227824 0
42482552 0
42442559 3
42482557 0
598227849 0
246889362 0
529054613 0
60923716 0
42449833 11
42449840 16
247086019 0
279151954 0
42431650 1
598227919 0
42449874 25
42449886 18
42449890 7
42449893 7
1506445822 8
480492539 0
42449918 16
42449926 7
42449928 17
42449932 10
103103505 0
42449938 15
42449942 16
42449945 20
42449947 13
42449948 10
42449954 15
42449956 8
42449961 15
42449963 13
42449971 0
42449979 20
1815133244 13
42449982 11
42449985 8
42449991 5
4235738196 0
42450009 8
42450015 10
42810468 0
480492646 1
42450025 7
42450028 8
42450030 7
42450035 6
482655348 0
42450037 8
42450044 15
42450048 3
42450052 5
42843270 0
42450055 5
42450057 21
298564749 0
3977886863 0
3977886865 0
42450066 3
42450071 29
42450080 7
42450083 10
293780657 0
293780668 0
293780670 0
293780672 0
42843340 0
103136467 0
42874062 0
4019305696 0
103136485 0
1692450029 11
4019305710 0
42908911 0
4019305715 0
42908922 0
3749657851 0
302464258 0
4019305744 0
4019305747 0
4019305749 0
4019305765 0
4019305786 0
42450275 3
598031719 0
42941801 0
246857083 2
246857084 14
103866263 0
480492947 0
4019305890 0
42442651 21
42450341 5
3891969467 0
3891969468 0
3891969470 0
3891969471 0
4019305931 0
4019305940 0
4019305942 0
300563943 0
300563945 0
300563947 0
300563948 0
247119341 0
42450426 9
1893285378 0
4244408921 1
42450456 13
42515994 0
42450460 0
42450468 24
3785702957 0
3785702958 0
247122525 0
247119420 0
247119422 0
3477651017 0
42497866 0
246890098 10
1657650822 0
1657650826 0
3392519824 0
3392519826 0
3392519828 0
3392519830 0
3392519831 0
3392519833 1
3392519835 2
3392519839 0
3392519843 0
42917830 0
3392519846 0
3392519848 0
598228660 0
3392519863 0
3392519865 0
3392519867 0
3392519868 0
3392519869 0
3392519871 0
3392519878 0
3392519879 1
42483410 0
42483414 0
247119596 0
42483438 0
42453630 3
449658617 0
42450688 11
597311233 0
4143824664 0
3579133722 0
3579133724 0
246890279 0
42483504 0
103137081 0
42876764 0
42483551 0
42483560 0
42876788 0
42876791 0
42876795 0
42909564 0
3096657792 0
42450820 6
247119753 23
247119759 0
247119760 0
247119761 0
1205714835 1
42778520 0
103137183 0
247119784 0
247119785 0
247119786 0
103202760 0
103202782 0
247119856 4
247119857 0
3096657911 0
1773060097 1
1773060099 0
278609934 1
1254408221 0
598622240 0
598622241 0
598622261 0
598622265 0
598622267 0
598622270 0
76464195 0
598622278 0
598622280 0
42844233 0
598622288 0
42844241 0
308363346 0
246890579 6
598622293 0
300859478 0
598622296 0
42844251 0
247119974 0
42844264 0
103096338 0
42844271 0
3857334397 0
42844299 0
567820429 0
42844306 0
103235749 0
103858345 0
103235767 0
103858361 0
295518407 0
103235788 0
42516686 0
42516693 0
42516695 0
4216045795 0
4216045798 0
4216045800 0
42516713 0
4216045802 0
4216045804 0
42844397 0
4216045808 1
4216045810 0
42481022 0
4216045816 0
246923513 0
4216045821 0
4216045822 0
4216045828 0
42481025 0
4216045832 0
4216045834 1
4216045835 0
4216045838 0
4216045840 0
76464404 0
247120149 0
247120150 0
4216045847 0
4216045848 0
4216045849 0
76464410 0
4216045851 0
4216045852 0
4216045854 0
1919595912 9
3834459531 0
103858511 0
766001495 0
1919595921 21
247084436 0
3184509306 0
103858562 0
42910092 0
42513816 0
1632878994 1
3630219668 0
103858585 0
103858587 0
42451370 21
3420766635 0
3420766636 1
42484164 0
42484167 0
42484171 0
4375003603 0
42484186 0
247120348 0
42484200 0
103858697 0
694895124 0
42437384 2
103858748 0
3857400388 0
3857400393 0
2058920035 0
3857400404 0
3857400409 0
42451564 14
76464754 0
42812019 0
250546966 0
42451593 0
373932683 0
42451604 5
294062873 0
3569402521 0
3833447069 0
598033054 0
2481865390 0
42746544 0
246858431 0
246858433 0
42451650 4
246858435 0
42451660 7
246858445 7
246858448 0
246858449 0
42451674 13
42451695 6
42451736 4
76464924 0
42451744 2
42451754 1
1506591534 0
1506591536 0
276316979 0
42451766 2
42451773 2
42451787 9
42910587 0
3285697426 0
42877845 0
246891414 0
42877849 0
42877851 0
246858654 14
3285697439 0
42877856 0
42877861 0
76465081 0
746243097 0
746243101 0
42452006 6
42452015 4
42779698 0
42779702 0
42452026 8
42484806 0
42452040 3
42746959 0
42452056 11
42452067 18
42452076 3
42452084 10
42452107 5
42452117 8
42452130 2
1272562861 0
42452147 5
60924107 0
2423997639 0
4332700903 0
1272562931 9
373933306 0
42779909 0
103859491 0
42747177 0
42747180 0
61261104 0
42747188 0
42747190 0
42452290 0
1775176473 0
42452314 3
597443933 0
1209943391 0
597443942 0
42452330 22
1545532990 0
42452353 11
42452365 10
42432068 14
2499757467 0
600524194 0
42452396 0
597444020 0
597444023 0
595314104 8
597444030 0
597444036 0
595314120 3
76465622 0
103171552 0
4145432042 0
42825301 0
3391966123 0
42452485 9
42452495 14
42452564 8
103162133 0
42452610 2
42452613 0
3377383055 0
2041169566 0
2302133933 8
42845872 0
103859910 0
2313537249 0
42452708 3
3903014642 0
3562587893 0
3562587894 0
3562587895 0
3562587896 0
3562587897 0
3562587898 0
3562587899 0
3562587900 0
3562587901 0
3562587902 0
42437589 23
3562587904 0
3562587905 0
3562587906 0
593839875 0
3562587908 0
593839881 0
3919350744 0
593839894 7
663799618 0
42452809 2
42452812 0
42452814 7
42452816 5
42452817 9
3919350757 0
299386721 0
3919350760 0
276318087 0
42470380 0
42452875 9
42485646 0
42452882 21
103162181 0
1293174690 0
42846142 0
42846147 0
42846151 0
42485710 0
42452951 5
42452954 0
42452956 4
42432165 8
42443088 11
42452973 20
42452975 5
2823833584 0
3839412209 0
103172087 0
42841770 0
42453000 7
42518540 0
42453005 0
42453007 1
42453011 9
593840148 0
3099326126 12
42911782 0
42453038 1
42453059 0
42497720 0
685164631 12
402475097 11
301910107 0
42841786 0
2010237030 0
42453104 0
301910133 0
301910138 0
42432191 2
301910152 0
301910153 0
301910154 0
42841795 0
301910165 0
301910176 0
301910180 0
42453158 4
42453166 9
2324482224 2
103205043 0
42453175 6
42453177 5
42453183 0
42453187 12
103205062 0
301910215 0
103205070 0
103205077 0
301910237 0
42453216 6
42453220 3
42453226 8
42748139 0
103139570 0
752535796 0
42453241 17
42453246 63
42453251 1
42453253 13
3285698869 0
3285698876 0
42453310 12
42486083 0
3285698885 0
3839412552 0
42453365 8
42453395 15
42453398 5
42453417 8
42514162 0
3919350764 0
42453541 0
42453545 3
42453548 0
42453555 0
42879545 0
42453564 4
103860806 0
42453575 12
103860811 0
42879564 0
42453586 11
4019305919 0
42486362 0
247122523 0
247122524 0
42486365 0
42453601 14
247122531 0
42453604 9
247122533 0
247122534 0
42453607 3
42453610 7
42453613 0
42453624 0
42846846 0
490457730 0
490457737 0
3569749101 0
3569749102 2
42432282 4
294095984 0
42453691 10
3569749109 0
42519250 0
42453717 24
106089178 0
103860955 0
103860969 0
42453757 1
42453773 0
42453777 4
3569749123 0
1381944089 0
42874672 0
597773093 0
597773094 0
597773095 0
597773107 0
42748728 0
42432308 4
3569749130 0
597773119 0
42748737 0
597773128 0
3391966026 0
673008462 4
3569749133 0
3391966039 0
103107428 0
42448701 36
103861105 0
42825534 0
3569749140 0
103861117 0
103172991 0
3814476678 0
42453902 11
3814476688 0
3569749144 0
3391966112 0
3156429739 0
42453934 2
42825544 0
42453943 3
42448714 21
42453952 7
42514254 0
42760015 0
42453986 9
42453999 4
42454006 2
42454010 14
42454012 1
42912771 0
42912776 0
247122967 0
247122968 0
247122969 0
42454042 8
42486817 0
42448735 12
3448818752 0
42432352 16
42454102 5
42749016 0
2468400256 0
2468400257 0
103861405 0
103861407 0
247123109 3
42454189 0
42454192 0
42454196 8
42454209 5
103861445 0
3579432156 14
3579432160 3
3579432161 1
3579432162 5
42519809 0
42519812 0
2411416839 0
4217720078 0
4217720080 0
4217720082 0
4217720084 0
42487063 0
42880308 0
42454325 15
42454328 0
1369722081 0
42476088 0
42454368 4
529288546 0
4244360547 1
42454378 11
42454381 6
103195198 0
3853864315 0
42454401 1
274681226 0
42454423 9
42454428 11
42454433 5
370888100 2
3842788780 0
4374613428 0
4374613430 0
1825841739 14
42454495 0
42421728 11
42421731 11
42421737 10
42421741 6
42421745 0
42421749 4
370893396 0
42454522 26
42421769 1
42454538 3
42421772 4
42421775 0
42421776 3
42421783 4
42454553 15
3857343067 0
42421800 3
42421803 6
42421806 4
42421809 0
42421810 2
42421820 1
3857343072 0
42454600 0
42454611 3
4191917275 2
42454622 3
2435108453 0
3857343079 0
1773063789 3
2435108462 0
42421877 9
42421889 9
42454660 0
42847895 0
247123611 0
247123612 0
42454691 0
42454701 10
103861936 0
42421941 0
42421951 0
42421960 4
42421965 0
42421969 4
42421972 0
42454742 4
42421982 9
42421985 3
42421993 1
42421996 0
42422000 5
42422006 0
42487551 0
42422016 1
42422018 0
42487555 0
42487558 0
42422026 4
42487564 0
42454798 14
42487567 0
42487570 0
42422038 2
42422042 6
1695371036 1
4145794845 0
42487583 0
4321038135 6
4321038136 0
587812665 0
4321038139 1
4321038144 0
4321038145 0
4321038147 0
4321038149 0
3446656845 0
3446656847 0
765251408 1
246861652 1
3446656856 0
42749785 0
765251431 4
103173996 0
276320116 0
42749813 0
3502019745 0
4012724160 45
42454994 13
103862228 0
42454997 8
593300815 0
42455007 6
42455013 2
42422258 5
42422270 1
42455039 36
406048768 1
1793478658 0
1793478660 0
42471829 0
42422283 8
294998032 0
42455059 5
42455083 7
103186672 0
42455113 0
2799390796 0
42455119 8
3377461262 0
4145434712 1
103191038 0
4129804713 0
276385904 0
721834106 0
721834109 0
42881151 0
42455175 8
42520715 0
42455181 2
103207071 0
42455200 17
42520740 0
42815676 0
42455234 1
42469653 0
103108806 0
42455245 4
42455252 4
42455259 4
42815780 0
42455335 1
42455337 6
373936427 0
42815799 0
42815807 0
42422592 13
42815820 0
42815824 0
42815829 0
42815834 0
42455396 12
42455412 2
4145586922 0
247128811 0
4129804701 0
4129804702 2
4129804711 0
595481001 0
373903786 2
276314186 0
42455493 5
103174599 0
2472137170 0
42455509 2
42488278 0
42815975 0
42815983 0
2472137215 0
42488328 0
42488343 0
42521134 0
42488408 0
42448996 23
42488411 0
470209120 0
470209122 3
301545575 0
42488429 0
42455662 8
42455666 0
42422899 10
42455675 11
295228034 0
301545580 0
42455693 3
42455694 0
42455695 5
247222929 0
42449007 12
42436935 2
42449010 11
301545587 0
42455735 5
42488507 0
222024381 0
276314230 0
42455751 12
42455761 12
222024417 0
597414626 0
597414627 0
597414628 0
42423020 28
561042188 0
561042190 0
561042191 1
561042192 0
561042193 0
561042194 0
561042195 0
561042198 0
561042199 9
561042200 0
3360772889 0
561042203 0
561042204 26
42423070 0
222024487 0
42455867 12
42423101 10
3946500927 0
3946500929 0
42423116 7
42455887 2
597414736 0
597414738 0
4115878744 7
42455897 19
559862621 0
42455915 5
42849138 0
42455929 0
42455931 0
42455932 4
42455934 5
1538237248 5
597414788 0
597414789 0
597414802 0
597414803 0
42455963 18
597414813 0
42423203 14
42423206 1
597414825 0
597414826 0
103863232 0
103863234 0
103863241 0
4217721804 0
4217721808 0
4217721811 0
4217721814 0
42849240 0
4217721818 0
4217721820 0
42849245 0
4217721822 0
4217721825 0
42431490 4
4217721827 0
4217721829 0
4217721831 0
42456041 9
4217721837 0
4217721840 0
42456049 34
4217721842 0
4217721844 0
4217721846 0
4217721848 0
4217721851 0
42456060 17
4217721854 0
42423295 7
4217721857 0
42456066 9
246862852 0
4217721864 0
4217721866 0
42456076 9
4217721871 0
4217721874 0
42456084 22
4217721878 0
4217721881 0
42456091 8
4217721884 0
4217721887 0
4217721890 0
42423331 0
42456101 9
4217721896 0
42456107 6
596366381 0
42456110 9
42456115 79
42456162 16
42825916 0
42488944 0
103863417 0
2141026495 7
42456197 5
103863432 0
42423456 12
2963821760 0
42521803 0
42825933 0
3847026390 0
4398994649 0
42456297 3
42456303 9
42423549 4
42456331 7
42423564 5
42423565 1
3884569924 0
3884569931 22
42427278 3
42521949 0
42849630 0
42521956 0
42849642 0
103241068 0
42432744 2
42849658 0
42849669 0
42849703 0
42456492 3
42849714 0
579655095 0
42432756 6
42849730 0
103863750 0
42423752 0
42825975 0
42849740 0
42849745 0
42849749 0
42849753 0
42456543 10
427840998 8
4290991591 0
42456555 17
42456568 10
42456575 0
42456578 0
42456598 0
42456611 5
427841062 0
427841071 0
427841073 0
103883702 0
42423885 13
42456683 5
42456708 1
42456711 5
977458841 0
42718876 0
752178858 0
42476487 0
3778729670 0
42432802 9
42424025 0
42424032 6
1332762348 0
42424089 44
42424098 23
42424109 16
42456888 0
1332860731 4
3686061906 0
3686061913 0
3686061914 20
3686061920 0
3686061922 0
42438291 1
300570488 0
300570489 0
103110531 0
42454679 4
42817428 0
42456986 2
42882973 0
42882974 0
42882975 0
42882977 0
42817446 0
42882983 0
42882987 0
479156141 0
42882996 0
297097141 0
42882999 0
297097144 0
42883002 0
42817469 0
42883008 0
42424258 0
42883012 0
42489803 0
42883022 0
42883028 0
42883064 0
42489860 0
42424334 0
42883096 0
42424347 0
42883101 0
42424354 0
42915899 0
42424382 0
42424408 8
246874388 8
42424427 3
42424439 22
42457209 0
2472695933 0
103864489 0
295229623 0
529062089 0
247224529 0
103209178 0
42457311 8
42457319 2
42817771 0
42457325 0
597711097 0
432756990 0
42421974 4
103864595 0
103864601 0
103864602 0
103864606 0
42424609 0
298604834 0
1761401124 1
298604839 0
42424619 8
42424672 4
103864694 0
103864695 0
598268281 0
42424703 8
42457476 0
296933778 0
296933779 0
296933786 0
2340960668 0
103864749 0
103864751 0
42424789 1
42436326 3
103864793 0
298605029 0
3009534450 0
3009534454 0
3009534455 0
3009534459 0
42487552 0
3009534469 0
3009534470 6
3009534472 0
42424851 1
427842070 0
42424864 4
42719790 0
598202928 0
42719798 0
42457660 0
42818110 0
42818120 0
42422028 17
1993136714 0
103144019 0
1993136726 0
1241864793 0
42424937 0
42457728 2
42818182 0
42457735 0
42449005 5
42818193 0
42818203 0
42818207 0
42818209 0
103872966 0
247224999 1
1733614298 2
42457821 16
100522728 13
3783088880 1
100522741 0
42432980 4
103865124 0
42425127 2
246648627 2
4347733129 5
390519635 11
42425232 22
595786222 0
42818471 0
42818480 0
42752947 0
42818487 0
3928841144 0
42818490 0
42752956 0
42752959 0
42752962 0
42752966 0
42818504 0
42818511 0
42818515 0
246861647 0
42818528 0
2512378850 3
3785612259 26
374463462 1
42818542 0
103865337 0
103865342 0
42458112 5
42818563 0
42425348 5
42818567 0
42818573 0
42433027 1
42476718 0
103865370 0
277385050 0
42514949 0
103865376 0
42523684 0
103865393 0
42440290 1
254342115 0
42441382 4
42490968 0
42866924 0
42433046 3
296377496 0
103865533 0
103865535 0
103111874 0
103865542 0
42458313 1
42433058 4
103865552 0
42753240 0
42458333 8
42753246 0
42425570 0
42458342 21
42523893 0
103865593 0
482663674 0
3581500675 0
103865632 0
42449027 4
3248774449 0
103865667 0
42425681 0
42491226 0
42864528 0
595352937 7
278630291 0
42753396 0
42753403 0
42753407 0
42753413 0
103865739 0
42753425 0
42851731 0
42753429 0
42753432 0
42753435 0
1762221470 5
103865766 0
3413663146 0
559865278 0
703585743 0
703585744 0
3656019783 0
2419285518 4
4382842396 0
4382842398 0
103177764 0
402480678 0
4158807591 0
4382842410 0
4158807596 5
42491439 0
4382842416 1
4382842417 0
4382842419 0
4382842420 0
42491450 0
103177788 0
1764626363 0
42458728 4
1490116221 0
103865986 0
42458766 0
42426011 0
42491554 0
42491565 0
42491569 0
205020852 0
42491582 0
42491585 0
1773067972 0
272195270 4
272195271 24
272195272 21
42491599 0
42884818 0
42491613 0
42491625 0
42491627 0
103862226 0
42491632 0
42491638 0
42491641 0
42491642 0
42753795 0
598433545 0
42753809 0
297051441 0
42426172 17
42458943 4
42786626 0
103112569 0
591454081 9
103866250 0
42786700 0
1764424345 13
42459041 0
42786722 0
42455026 3
2947964848 0
103866300 0
596271046 0
42459098 7
42459114 14
103866348 0
42917869 0
42819566 0
42917872 0
42819569 0
42459137 0
42426374 0
295231527 0
42459180 16
701063220 2
370892861 0
42455051 9
2809356357 0
42474150 0
731930706 0
471240718 0
42885345 0
3019038994 0
42885400 0
3019039006 1
3019039007 1
298606882 0
42492196 0
42459436 2
42492210 0
298606926 0
42492239 0
293272292 0
42459493 2
42426747 5
4145439100 0
4145439101 0
4145439102 0
103309701 0
103866758 0
103309709 0
293790120 0
42426799 2
293790139 0
42426816 0
42852816 0
42482424 0
1506599378 8
479715801 0
479715815 0
4382384621 0
42426865 0
103866867 0
2548031991 0
2548031992 0
42492409 0
42492415 0
272196096 4
1740694093 0
370893395 0
299098708 0
42426971 6
3857343069 0
371188320 0
3857343073 4
479715943 0
3857343080 0
103866985 0
529556095 0
42427009 3
42885762 0
103867019 0
103867026 0
2012177085 0
42427086 0
42427112 5
42427115 2
247128812 0
247128814 0
42427122 5
106717940 0
106717941 0
42427126 6
42427128 2
42427133 28
42427136 10
42427139 4
42427143 5
42427146 3
42427150 5
42427152 5
42427156 0
597844758 0
42427159 0
42427164 3
42427168 8
42427867 11
1754817317 0
1754817323 0
42427185 3
42427190 17
42427196 3
597844800 0
42427206 2
42427212 8
42427216 3
103867217 0
246866788 0
246866793 4
246866798 0
246866806 0
246866810 0
42492802 0
246866828 1
246866830 4
42427281 0
246866840 0
42427290 2
42427300 11
42427305 4
42427307 4
42427311 6
42427316 17
42427319 3
42427324 6
42427327 6
42427335 10
42427346 10
42427352 3
293266393 0
42427358 44
3974095843 0
42427369 9
42427371 24
42427374 8
42427381 4
42427386 2
42427390 1
42427393 11
371188750 0
1642095632 0
42427411 2
42427423 22
42427426 8
42427427 6
247227451 0
1545167946 0
42427477 3
42427483 3
42427494 9
103867498 0
42427507 1
60810374 0
3584752496 0
42455238 4
103867568 0
3040306365 1
42722498 0
302245078 0
103867611 0
42820836 0
42820840 0
42433404 0
3817760020 0
3817760021 0
42493206 0
3817760023 0
3817760024 0
3817760025 0
3817760026 0
3817760027 0
3817760029 0
3817760030 0
3817760031 1
3817760032 0
3817760033 5
3817760034 0
3817760035 0
3817760039 0
3817760041 0
3817760043 0
3817760045 10
3817760047 0
42482569 0
302245181 0
302245184 0
42427742 2
42427744 6
42427762 9
42427769 9
2404083070 0
42427780 12
42427786 2
42427787 12
42427797 21
61269400 0
42427972 7
42427805 22
42427812 37
302245287 0
42427817 14
42427821 4
42427824 3
42427828 5
42427844 6
3554502085 0
42427852 16
42427855 4
42427859 21
42427863 6
42493403 0
42427870 19
42427873 9
42427877 1
42427881 4
42427894 1
42427915 19
42427919 0
42427926 0
42427965 15
432760382 0
42427968 14
42427970 12
103867972 0
103867974 0
42427975 1
42427979 5
42427985 1
42427991 9
42427996 9
42428003 14
42428005 10
42428007 14
42428010 6
42428012 6
42428013 7
42428014 11
42428015 10
42428016 4
42428020 17
42428022 10
42428024 6
42428027 8
42428029 8
42428032 9
42428034 9
42428037 7
42428039 5
42428043 5
42428045 3
42446925 31
42428047 5
4216055440 0
42428049 3
42428052 7
42428061 1
42428063 4
42428065 0
42428068 0
42428072 0
103179948 0
42428080 10
42428082 6
42428086 9
42428090 4
42428094 10
42428124 6
2404083427 0
42428134 2
103865549 0
3413665526 0
42815785 0
3413665532 0
42919687 0
42428170 7
42428174 9
42428179 3
42428183 2
42428192 15
42428198 2
42428201 23
42428206 0
42438963 5
42428212 5
42428216 6
42428220 10
42526525 0
42428223 5
3562563394 0
42428227 5
42428232 10
42428234 5
42428239 5
3250349906 0
42428244 0
3250349909 0
42428248 10
42428253 3
42874655 0
42428258 8
42755942 0
4216055441 0
42428264 6
42428268 5
42428272 7
42428277 8
42428283 4
42428287 21
42428291 6
42428294 6
42428297 26
42428300 4
42428303 3
42428305 6
42428307 5
42428308 8
42428310 8
3817760663 0
42428312 5
42428313 2
42428315 5
3817760670 0
3817760672 0
42428321 7
42428328 7
42428329 10
42428332 5
3946506160 0
3946506161 0
42428345 0
103147167 0
60811206 0
42428365 3
42428366 1
42428368 5
42428370 2
42428371 3
42428374 0
42428376 2
42428377 2
42428379 2
42428385 5
2057103332 0
42428391 12
2057103336 0
42428402 6
42428405 4
42428408 0
42428411 15
42428417 4
42428420 4
42477228 0
42428428 9
2057103373 0
42428433 39
42428434 4
42428436 26
42428438 15
42439001 12
42428441 24
42428444 21
42428447 1
42428454 15
42428458 9
42428460 6
42428464 4
1997760561 0
42428468 7
42428471 7
42428473 9
42428476 13
588113982 0
42428480 5
42428483 8
42428489 6
42428491 9
42428493 11
42494033 0
60811360 0
42428527 4
42428529 2
1764747381 0
42494080 0
1764747393 0
4320028807 0
103114888 0
4320028816 0
4320028818 0
42428570 0
4320028830 0
42428575 0
42428579 1
4320028836 0
42428583 0
42428588 0
42428590 0
42428595 14
42428598 0
103868600 0
42428601 0
42433567 7
42428604 0
103868606 0
42428610 0
3971196619 2
42461394 0
42428634 5
3971196623 0
42428637 0
103868638 0
42428640 0
42428643 0
42428645 0
42428648 0
595749100 0
42428653 0
60811504 0
42428657 0
448227573 0
42428663 0
3971196628 0
595749116 0
103868669 0
42428670 0
42428674 0
42428678 0
42428682 0
42428689 0
761293078 0
42428695 0
42428701 0
42428705 0
42428709 0
42428711 0
42428714 0
3402819884 0
3402819885 0
42428720 0
42428723 0
42428725 0
42428728 0
42428737 0
42428742 0
42428746 0
42428751 0
42442584 78
3601295702 0
3601295704 2
103868773 0
103868779 0
42428782 6
387180914 14
387180916 4
279603573 0
3601295737 1
42428799 3
2061592973 2
2321279382 0
3601295768 0
42428833 11
103868842 0
42428844 0
103147955 0
42723765 0
42428863 7
42439073 9
3413665527 0
42428892 28
530475491 0
1258875372 0
1258875373 0
42428919 5
42428922 0
103148029 0
42428926 0
42428928 0
42428931 0
4207143428 0
42428934 0
42428936 0
42428939 0
42428941 1
42428944 0
42920467 0
42428951 0
42428953 0
42428956 0
42428958 0
42428961 0
42428962 0
42428964 0
42428965 0
42428966 0
42428967 0
42428970 0
42428973 0
42428975 0
42428978 0
42428980 10
42428984 10
42428985 6
42428989 10
42442592 13
42428994 6
42428998 7
42429002 6
42429006 7
42429011 0
42429013 0
42429017 11
764734042 0
764734043 0
764734045 0
42429023 12
1258875489 0
42429029 18
588114535 0
42429044 18
1258875532 0
42429072 16
42429083 21
588114597 0
42429094 6
103869101 0
42429104 19
103869105 0
589298803 0
42429109 5
1792535228 0
1286793918 0
1792535233 0
42439323 0
3569749100 0
573401827 0
1934650086 0
42429174 8
2837768960 0
593816329 1
103246603 0
1258875665 0
103246612 0
42429211 9
42429212 7
42429215 27
3809536800 0
42429217 23
42429220 17
42429222 26
3809536808 1
42429226 10
42429228 6
42429231 6
42429242 1
1258875710 0
297462592 0
593816397 1
42450061 8
1258875733 0
2089937767 0
1258875754 0
42494845 0
42429314 4
3976008172 0
598228119 0
42429324 11
42920850 0
42429334 18
42429338 20
42429340 25
42429342 18
42527647 0
42429348 2
3446959013 0
3446959014 0
593816490 0
42920889 0
42920892 0
42429373 7
42429374 12
42429375 8
42429378 4
42494920 0
42429394 6
765357011 0
2029349871 0
246649342 0
42826923 0
42429452 5
588114957 0
42429457 5
588114966 0
42429466 3
597748763 0
588114972 0
42429474 0
588114979 0
305556519 0
3932847282 0
588114994 0
4015418422 0
588115006 0
3932847285 0
42429504 6
42429530 22
42429532 12
42429541 3
598043765 0
42429562 10
42429563 4
598043772 0
598043773 0
598043774 0
598043775 0
598043776 0
42429570 30
598043780 0
598043781 0
598043782 0
598043783 0
488264215 0
598043788 0
598043790 0
598043791 0
598043792 0
598043793 0
598043800 0
588115098 0
598043811 0
3645158801 0
205024444 0
588115139 0
42429636 6
42429637 8
2089938123 0
42429645 0
42439203 18
42429652 11
42429657 18
42429659 17
42429661 9
42429662 9
42429663 6
42429664 4
42429666 13
42429680 3
42429682 2
42429685 0
42429688 2
42429690 7
42429693 8
42429694 11
103869696 0
103869698 0
103869700 0
42429704 3
103214357 0
42429718 3
42429727 7
42429744 23
2091642163 0
588115253 0
42429752 0
42429754 59
42429756 0
298806591 0
42429761 0
42429762 41
103214403 0
103214404 0
42429766 0
588115271 0
42429769 29
42429773 46
42429782 17
588115290 0
2715512169 0
42429806 10
42429812 18
42429825 6
482536836 0
42429830 2
42429832 1
42855824 0
2057103256 0
42429844 4
42724759 0
4217721868 0
1544809885 10
1544809891 0
42442621 6
42888621 0
42429874 12
42429876 8
42888633 0
42429888 17
3686034882 0
42429896 12
42429900 27
42888656 0
3567807957 0
42888664 0
42429918 24
42888672 0
4019305723 0
103869949 0
2457398797 0
42429970 3
42429971 1
42429974 6
42429976 13
42429980 11
42429981 13
42429986 17
42455643 35
103116324 0
293301804 0
42429998 7
42429999 2
42430004 4
42430007 8
42430030 12
42430034 10
42430038 14
42430041 3
42430044 8
2969267808 0
42430050 2
42430052 3
42430056 0
42430060 6
42430063 4
42430068 9
42430075 7
2025165419 0
42430115 4
42430118 8
42430122 1
248606379 0
42430126 8
42728734 0
42430138 3
42430143 16
42430147 1
42430154 1
42430160 3
42430164 4
4320194261 5
42430167 8
4320194264 0
4320194265 1
2693557987 0
2832297701 0
2832297702 0
2693557993 0
42430187 2
42430205 4
42430217 6
42430231 15
42430233 2
42430235 10
42430237 17
42430241 10
42430247 6
42430249 12
42430253 47
42430255 8
42430257 14
42430259 18
42528566 0
42430263 24
42430265 31
42430269 14
42430271 67
42430274 25
42430277 29
42430279 17
42430282 22
42430288 26
42430292 11
42430295 28
62915509 11
42430298 11
42430304 34
42430308 17
103280486 0
42430311 21
42430314 14
42430317 20
42430320 18
42430324 21
42430329 12
103870331 0
42430333 36
3827330944 0
42430338 8
42430342 17
42430344 22
42430347 14
42430350 13
42430352 5
42430356 12
42430358 6
42430361 10
42430363 13
42430367 9
42430371 13
103870373 0
1775267750 0
42430375 19
103870377 0
42430378 10
103870382 0
42430384 33
42430390 8
103870392 0
42430394 23
42725324 0
42725346 0
62915514 12
103247861 0
42430474 5
42430477 0
42430479 6
42430482 5
42430485 14
42430488 12
42463272 0
42428425 5
3718672443 12
371337226 4
42430529 0
371337227 1
42430535 3
2481877067 51
42856527 0
42430550 2
42856537 0
42856541 0
42856544 0
42856546 0
42856551 0
42430571 0
42856556 0
42856560 0
42856563 0
42856566 0
42856569 0
42856571 0
42430589 0
42430594 3
42463363 0
42430597 6
42430600 3
42463370 0
42430603 5
42856588 0
42463374 0
42430607 4
293302419 0
293302420 0
42430629 5
42430633 19
42430639 2
42430643 8
42430646 6
42430651 3
42856636 0
42430664 9
1280340170 16
42856651 0
42430669 7
42430673 41
42430677 9
42430680 3
42856667 0
42430685 9
42430688 7
42856675 0
42430694 10
42856679 0
42430698 9
42823917 0
42430704 12
42430707 6
42823926 0
42430713 11
42823931 0
42823933 0
42823936 0
42823938 0
42823940 0
42823944 0
370897167 0
42430736 7
42430739 8
42430742 7
42430745 26
42430747 1
42430749 5
2521229360 0
42430761 7
42430782 9
42430791 5
42430803 8
42430805 14
42430811 8
42430813 4
42430818 2
246649574 0
42430824 4
246649575 0
42430828 8
42430848 1
42430857 6
42430861 5
1770713491 0
42430872 3
42824096 0
3015668131 0
42430886 13
42463657 0
42824112 0
42430898 11
42824118 0
42430903 17
42824124 0
42824130 0
42725827 0
42824136 0
42430924 8
42824141 0
42824147 0
42824149 0
42824152 0
42430938 10
42430942 10
42824162 0
42824167 0
42824169 0
597783018 0
42824172 0
42496494 0
42758639 0
42824176 0
42758642 0
42824181 0
42758654 0
42430983 8
42430984 7
42430985 3
42430989 12
3015668241 0
597783063 0
42431000 15
42431002 4
42431004 14
42431005 0
597783071 0
42431008 4
42431009 2
42431015 8
42431019 8
42431024 3
42431027 3
42431030 0
42431034 5
42431037 10
42431039 3
42431044 2
42431057 4
42431067 3
42431078 2
42431089 4
42431094 5
42431096 5
596669050 0
42431099 22
42431102 7
42431104 1
42431106 4
42431107 10
42431108 3
103215751 0
42431113 5
42431116 0
42431118 0
42431121 1
561042201 7
3099327940 0
301497801 0
42431165 6
42431168 12
42463947 0
42824399 0
42431187 21
42431193 2
589099740 4
42431200 5
61275600 11
301298404 0
42431210 12
301497811 0
293303035 0
42431230 2
61275605 13
42431234 1
42431242 5
42496779 0
42431252 14
293303062 0
3099327961 1
42431257 26
42496795 0
42431260 35
4024169245 0
3874681643 0
3874681652 0
248708582 0
589099881 0
248708583 0
246862616 0
294417263 0
42477588 0
298939300 0
61272997 7
61273004 22
42431413 0
3778245561 0
42464200 0
42431447 4
3891950553 0
3891950555 0
42431452 16
42431453 5
42431459 11
42431464 10
42431470 8
42464239 0
297890807 0
297890813 0
297890818 0
42431491 1
42431497 2
42450434 6
42431503 7
42431519 1
42464292 0
42431528 5
42431544 10
42431549 7
42431556 10
42431560 10
3942249545 1
42431563 17
3377460312 0
3377460323 0
42529893 0
276299284 0
42431611 14
42431614 9
42431617 13
42431626 36
254342293 0
42431643 4
42431649 3
3377460386 0
530805923 0
42431652 3
297890981 0
42431654 8
42898289 0
42431656 7
42431659 12
42431661 6
42434077 5
746124464 0
1205715001 0
42431671 1
42431674 4
42431677 0
42431678 5
42431680 8
42431681 10
42431684 10
42890450 0
373880031 0
297891076 0
1241183499 0
3785702959 0
42431773 10
42434098 30
42431793 12
42431802 9
42431804 3
42431805 0
596775819 1
42431812 2
42431814 4
3817756012 0
3778313786 0
42431844 1
298775916 0
42464631 0
42431868 6
42431877 4
42431889 5
42464662 0
42431898 19
2357946608 0
42428661 0
1283225030 0
1772058063 1
1772058064 0
42461438 0
42431992 5
42432000 0
42825232 0
42497588 0
42432054 2
42464823 0
42464824 0
42432057 11
42464827 0
42432060 7
42497598 0
42464832 0
42432066 4
42464836 0
42464838 0
42432071 5
42530376 0
42432073 0
42432075 18
42464844 0
42432078 4
42464848 0
42432083 13
42432085 14
2063038040 0
42825307 0
42432097 5
42432099 12
42432105 10
42432108 3
42497646 0
42432111 0
42432127 2
42432135 1
597325451 0
42432142 17
42442697 6
42432148 4
42432152 6
42497691 0
42432156 4
694854464 0
42432161 4
3099326116 1
3099326117 15
3099326118 0
3099326119 0
3099326120 1
3099326121 17
3099326122 11
3099326124 0
42432174 4
3099326127 0
3099326128 9
42432178 1
1283225267 0
42432181 1
4217721801 0
42432184 0
42497721 0
42497727 0
42432194 5
42432199 3
42497737 0
42464975 0
42432208 3
3831856760 0
42432214 3
596776057 7
3847026392 1
42432223 0
42432226 0
42432228 3
3831856764 0
42923756 0
42497777 0
42432244 11
42432246 30
42432250 11
42923772 0
3554932481 0
42428716 0
4217721816 0
42497813 0
2631530266 0
42497821 0
42497826 0
42497832 0
42432302 4
42497840 0
42432305 4
42465076 0
42465078 0
1918039864 1
42465082 0
599062332 0
1918039869 0
42497854 0
42497855 0
42497859 0
1918039877 32
42825542 0
1918039880 1
42825546 0
42825551 0
42497875 0
42825558 0
1918039896 1
1918039897 26
1918039898 10
1918039901 8
1918039904 41
42497892 0
42497899 0
4217721833 0
276035449 0
2499803009 0
42727302 0
42432395 0
3308681112 0
3308681118 0
42432436 9
42432438 7
42432444 6
42432451 15
2402842564 0
2402842565 0
2402842566 0
2402842567 0
42432458 3
42465230 0
2402842575 0
42432464 9
42465233 0
42465234 0
103872499 0
42727425 0
3377461261 0
42465294 0
42428760 0
4217721860 0
42465312 0
3377461282 0
103872547 0
42432556 5
42432558 4
42432564 6
42432572 1
42432580 10
42432585 16
42793036 0
42432589 16
42432594 16
42793045 0
42432598 8
42434233 7
42793048 0
42432605 0
103857853 0
2842884211 0
4217721876 0
2404084075 0
42825865 0
2842884234 0
42825868 0
42432659 52
42825879 0
42432665 3
293337242 0
293337245 0
42825887 0
293337253 0
42825901 0
42825906 0
42432693 13
293337270 0
42825913 0
42432700 13
42432703 20
2141026496 9
42432706 10
2141026502 7
2141026503 76
2141026509 8
2141026514 0
2141026516 8
2141026518 40
2141026521 8
2141026522 0
42434255 14
276297950 0
4217721893 0
42432736 1
42432737 3
2141026532 40
387184869 7
2141026536 12
2141026548 4
2141026551 35
42825989 0
42432785 0
1289222420 0
42432789 10
293337366 0
42826008 0
42432795 8
103872796 0
42432799 6
42826016 0
2504882466 1
42826023 0
293337390 0
42432818 30
103872820 0
42434270 10
103872823 0
42432825 12
42826042 0
42826048 0
3778345281 0
42432834 28
42826053 0
3778345287 0
2504882506 5
2238282059 0
42432847 16
42826064 0
2238282070 0
42432856 0
298809690 0
42432861 32
42432871 4
596775998 0
42465657 0
42465660 0
42465661 0
42465664 0
1575123339 0
3250354584 0
42432928 14
42432929 58
42432961 25
42432963 17
42432966 1
42432967 5
42432970 2
42432974 4
42432975 6
595655123 0
595655124 0
42432983 3
42432985 22
42432990 4
42432992 5
42432994 2
4273797604 0
42432999 2
595786219 0
1754823149 0
2238282222 0
2238282226 0
42433014 6
42433020 2
42433024 2
2238282243 0
42433030 2
42433035 2
42433041 0
42433043 5
42433044 8
2140994070 0
595786268 0
297466397 0
595786271 0
42433057 1
595786274 0
2238282275 0
42433060 12
42433062 13
2238282279 0
42433064 6
42433066 15
42433068 11
42433069 7
42433072 10
42433075 7
42433077 8
42433080 11
42465849 0
42465852 0
42465857 0
3584752195 0
3584752198 0
3584752200 0
42433097 9
3584752205 0
42531407 0
3584752208 0
42433107 3
3584752212 0
3584752215 0
42433115 4
3584752226 0
3584752231 2
3584752242 0
42833001 0
42433151 4
2883385992 0
3584752265 1
1764424330 0
2238282383 0
3584752273 0
2238282386 0
3584752276 1
42793624 0
3584752281 0
2238282394 0
3584752292 0
302257265 0
596776052 4
42478027 0
42442733 6
42433229 4
42833017 0
42433252 4
293272293 0
42433272 1
42433281 0
1775270664 1
100662028 0
100662030 1
42433298 0
100662035 0
42433302 7
1996323624 12
42434354 5
42761006 0
42433339 4
302257290 0
2355624814 0
2355624816 0
3584752497 0
3584752508 3
3584752515 0
3584752516 0
3584752520 0
3584752522 1
3584752526 3
42466196 0
2059303830 0
4379966360 0
4379966362 0
4379966363 0
2355624862 0
4379966379 0
4379966380 0
3772840882 2
2059303879 0
42439842 13
103873489 0
4207143418 0
596776103 1
4207143421 8
42433537 6
42466306 0
42433539 8
42433542 12
103185415 0
42433545 0
42433547 8
42433550 13
42433551 15
42433554 7
2919234579 0
593886228 0
42433561 0
42433564 0
42433565 2
301497375 0
42433569 1
42433573 7
42433574 2
42433577 2
301497387 0
42433587 1
42439861 35
42499136 0
42433604 19
2059304008 0
42433611 21
42433620 18
42826837 0
42433625 18
42826843 0
42433644 8
42826864 0
42428947 0
42826868 0
42466423 0
42826872 0
42826878 0
416480385 1
42826882 0
42466438 0
42826887 0
42826890 0
2059304076 0
42826898 0
42920473 0
1740700830 0
302257351 0
42826926 0
42826930 0
3932847284 0
1807940789 0
3932847293 0
42871329 0
247073284 0
42433743 34
1241742563 7
42434428 2
42433779 0
61275380 0
42433800 2
4304633107 0
3884612885 0
42433822 2
1241742627 19
4191917276 0
103873839 0
1258875444 0
2047573317 0
596776163 4
276299101 0
103873891 0
42433901 0
764738926 1
588152176 0
588152191 0
2034007426 0
588152199 0
42478146 0
597294481 0
597294482 0
597294483 0
1241742743 5
597294501 0
276299179 0
3099327930 16
3099327931 1
2295070142 0
301497795 0
301497796 0
301497799 0
3099327944 3
3099327945 1
301497803 0
3099327948 5
3099327950 7
3099327951 1
3099327952 38
61275601 0
301497810 0
3099327955 39
3099327957 1
597294550 0
301497815 0
301497817 0
3099327962 7
3099327964 10
3099327965 8
3099327966 12
3099327968 0
3099327970 6
3099327972 14
3099327974 3
3099327975 12
3099327976 1
1692433907 1
1692433928 12
1692433932 9
1692433935 6
1692433940 9
1692433941 3
276299287 0
42434072 18
42434074 4
42478170 0
42434085 9
42434087 7
42434090 15
42434092 4
308641326 0
308641330 0
308641333 0
42434105 8
308641338 0
42434110 13
42825919 0
308641345 0
3778313813 0
588152411 0
42434140 14
42434142 12
42434145 7
42434148 11
4216045844 0
42434156 1
42434158 8
42434160 3
42434161 0
42919588 0
42434165 1
42434166 5
3831856759 26
42434168 0
42434169 1
3831856762 0
3831856763 0
42434172 8
42434175 5
42827392 0
42729089 0
42434179 7
42434196 0
42434201 9
42434205 8
42434215 8
451051181 0
42434226 6
42435516 10
588114548 0
3485078815 0
42439968 17
42434246 3
42434249 38
42467018 0
42434251 15
42424218 0
42467023 0
42467024 0
42434259 12
42434262 36
42434264 7
42434268 5
42467038 0
42434271 4
42434279 3
103874283 0
42434285 3
42434306 0
42434308 5
42499854 0
42434338 3
42434340 13
42434343 4
42434352 17
593854257 0
42893106 0
42434355 0
42434357 6
42434358 6
42434360 1
42434361 7
593854267 0
42434377 7
42434382 12
42434384 15
42434385 9
42434386 7
42434389 6
42434412 4
301498234 0
42434427 7
1209761660 0
42434429 3
301498239 0
42434434 6
301498245 0
42434439 16
301498248 0
298286988 0
301498253 0
42499982 0
301498258 0
42729363 0
1533280148 0
301498263 0
42440004 10
301498266 0
301498277 0
301498281 0
42434481 0
301498297 0
301498307 0
301498311 0
42500041 0
301498314 0
42500046 0
301498327 0
4161568740 0
4161568744 0
2524315626 0
2524315630 0
374472690 0
42860531 0
373882872 0
