373915670 0
1773076509 1
1773076511 6
1773076514 409
42827811 0
42860580 0
42827817 0
42860586 0
42860591 0
482541616 0
42860595 0
42860603 0
42827843 0
2302476358 0
302743630 0
302743633 0
302743637 0
302743638 0
302743640 0
42467417 0
302743643 0
302743645 0
302743647 0
302743653 0
373882982 0
42467431 0
302743657 0
302743661 0
1828749423 0
1828749425 1
302743666 0
302743667 0
302743668 0
301498486 0
301498490 0
302743677 0
302743678 0
302743679 0
302743682 0
302743686 0
302743689 0
302743694 0
42818131 0
301498515 0
301498516 0
301498517 0
301498522 0
301498523 0
301498528 0
42467507 0
42762422 0
42762425 0
60915901 0
293830851 0
293830854 0
42423674 152
301498592 0
301498594 0
301498596 0
301498606 0
42795247 0
301498608 0
103186674 0
301498614 0
42434807 99
103186680 0
42434810 27
2539225339 0
42434821 85
298287370 0
301498640 0
301498641 0
246874386 0
246874387 1
301498644 0
301498645 0
42434845 127
596776325 0
301498660 0
301498662 0
301498664 0
1773076778 1
42434871 20
42926395 0
42926398 0
42926409 0
42434894 0
42434895 41
42434898 28
301498711 0
42434904 15
42434905 20
301498714 0
301498715 0
42434910 44
42434912 35
761594218 0
42434935 0
2262434175 0
42434946 134
42434948 62
3248816517 2
42434951 91
42434954 72
246579597 49
42434959 119
42434962 59
42434965 210
246579608 0
42434969 1
42434974 52
479166879 0
597328292 0
42434989 23
42833309 0
42434992 14
598622281 0
4332700771 2
486867405 87
1544596217 0
3248816608 0
598622289 0
486867432 117
598622290 0
451052015 0
42467839 0
42467842 0
486867459 5
3248816651 0
302743641 0
103121435 0
486867490 119
246579751 0
246579753 0
486867513 3
2664563266 0
246874701 0
246874702 1
294093394 0
294093397 0
294093402 0
4207313499 0
486867548 98
4207313503 0
4207313504 1
370705004 0
103154290 0
294093431 0
294093434 0
294093435 0
42435198 35
42533517 0
294093454 0
42730127 0
294093456 0
294093457 0
294093459 0
294093460 0
42435222 92
294093463 0
294093464 0
294093466 0
294093467 0
294093470 0
42435231 40
294093473 0
42435234 37
294093476 0
294093477 0
294093479 0
294093481 0
294093483 0
294093484 0
1828749426 1
294093487 0
294093488 0
42435250 34
1828749427 1
42435253 39
42435257 35
42435261 84
42435264 82
42435265 39
42435266 34
42435269 32
3809536801 0
42435272 39
42435275 73
42435283 36
3809536804 2
42435295 32
42435301 20
42435308 53
42435310 138
42435312 28
42435316 23
42435317 32
2462253814 0
42435319 35
42435323 23
2709968341 0
42435328 33
42435331 19
42435333 21
42435335 24
42435336 6
42435337 11
42435341 14
42435343 9
42435346 1
3927578073 0
42435359 75
42435392 35
588546882 41
42435395 45
42435396 47
42435398 67
42435400 67
588546891 67
3008856911 0
3008856913 0
246580055 0
42435420 154
42435422 196
3008856931 0
3008856932 0
1927807845 0
246580071 0
42435448 89
42763131 0
42435456 31
297042819 0
42435470 30
42435472 57
42926995 0
42435477 47
42927001 0
42435491 51
42435497 33
42435499 50
42435504 0
42435509 42
42435514 71
62915516 85
42435518 51
62915521 61
42435522 18
62915525 94
42435534 34
62915536 57
1112485703 0
42435578 27
42435581 21
42435596 234
42435598 51
42435599 87
42435603 70
42435610 75
42435618 69
42435624 185
42435629 66
42435632 81
42435633 95
42435642 561
42435644 286
42435645 155
42435646 238
42435650 192
42435654 194
42435657 267
42435660 140
246580301 0
42435663 517
42435668 143
42435671 257
42435675 227
42435677 177
42435680 133
42435684 98
42435687 77
246580334 0
42435702 85
42435705 62
246580346 0
42435707 133
42435710 72
42435714 236
42435716 124
3325564441 0
42435736 58
3008857241 0
3008857243 0
302257690 0
3008857246 1
42534052 0
486868138 2
103875777 0
42501318 0
42435803 129
42435805 357
4288677093 361
246580466 69
2295039220 0
42435844 190
1577583880 0
42435850 26
42435852 31
705234189 1
42435856 87
42435860 77
42435861 42
42435863 48
42435865 50
103875869 0
3778381087 0
42435873 28
42435876 29
42435881 1
42435885 20
42435891 21
42435894 18
42435898 38
42736336 0
1506902240 2
42435916 80
3104245072 2
42435921 0
42435922 34
42435931 28
42435943 97
247072104 0
42429330 1
42435957 68
42468744 0
225183118 0
42796436 0
301498607 0
42434800 84
42796462 0
349242804 0
42436024 20
592643522 0
592643538 0
4216045817 1
42436056 68
42436060 25
42436064 64
42436083 104
1773078006 159
42436088 28
42731002 0
246580736 0
42436097 12
42731010 0
42833494 0
42436109 29
42731023 0
246580758 120
42731033 0
2711029280 176
42436129 16
42436134 34
42833501 0
42436149 20
42436152 22
246580797 0
589928034 139
42436181 34
746718807 1
42436187 30
42833510 0
302257767 0
247120148 0
589928042 58
3827336858 0
3827336862 0
3827336868 0
3827336883 0
42436285 19
42436288 26
42436293 24
42436308 24
42436316 19
274335455 9
42436322 12
42862310 0
3827599085 0
42436335 61
42436336 41
42436340 38
246580982 0
42436353 17
42436355 46
42436359 18
42436364 33
42436369 9
42436371 51
42436374 36
42436377 25
42436381 20
42436384 21
42436390 23
42436393 43
42436396 43
42436400 28
42436404 28
42436407 27
42436411 14
42436423 22
42436427 15
42436431 40
42436439 27
225183576 0
42469212 0
42469214 0
2411399009 0
42436475 55
42436477 65
42436481 0
42436484 48
42436486 77
486868873 0
42436492 92
2025097111 0
42436510 45
42436511 51
42436514 3
42436516 52
595462053 0
42436519 78
42436527 225
42436531 163
42796983 0
42436537 20
42436539 32
42436541 0
42436544 53
42436546 45
42436549 58
42436551 45
42469320 0
42436556 16
42895311 0
2075592658 8
301498702 0
42436567 51
301498703 0
42436575 19
247072736 0
247072737 0
42436578 44
277481443 1
42436582 33
42436586 58
42436590 70
42436598 28
42436604 27
42436610 32
42469382 0
42436619 45
42469391 0
42436624 45
42436627 35
42436630 31
301498713 0
42469400 0
42436637 33
598050847 0
42436640 34
42436641 0
42436644 19
42436647 16
42436651 32
42436653 48
103254094 0
42436700 114
42436701 80
42436703 0
42436705 79
42436707 141
42436710 143
588114961 0
42436714 89
42436719 15
42469489 0
42436726 7
103876732 0
371239958 1
42436746 53
42436748 87
42436751 56
42436753 93
42436754 80
42436756 63
42895509 0
597748762 0
42436770 28
42436779 30
42436784 14
42436788 1
42866377 0
42436793 28
42436806 24
42436807 17
42436812 16
3778729677 0
477530321 0
3786901732 74
42469606 0
42469607 0
3786901739 0
42469612 0
42469614 0
3786901747 0
103876853 0
42502404 0
42469640 0
42469645 0
4234578190 0
298289423 0
4234578192 1
4234578193 0
4234578194 0
42469651 0
2072447252 0
277481749 0
298289432 0
42469657 0
42436894 14
486869282 1
42436903 52
42436911 17
42436913 50
42436914 0
42436917 70
42436919 37
42436921 75
42436922 59
3278932287 0
3278932288 0
3278932289 0
3278932290 0
42764615 0
2351532363 1
42436941 69
42436942 79
2351532367 2
42436944 30
2351532369 0
42436947 26
2351532373 3
3278932311 0
3278932312 5
3278932313 0
42436957 15
2810120555 0
2140997998 0
2810120567 0
42436985 27
42436990 36
103115840 0
225184141 0
42926489 0
42437018 70
42437021 125
297109922 0
297109923 0
297109925 0
297109926 0
297109928 0
297109930 0
247073198 45
247073199 0
42437050 44
42437052 41
42437058 9
42437067 33
42437074 52
370870741 0
42437078 28
42437082 32
42437084 155
1506445797 12
42437108 87
42437109 26
42437113 104
42437114 81
42437118 24
42437124 38
247073285 0
42437128 12
246909454 1
42437135 0
42502674 0
297110049 0
4448520738 0
246876728 0
42437177 120
246876730 0
297110078 0
42437188 117
42437204 36
4012935769 0
42437222 33
103877239 0
42437280 65
42437283 66
42437287 70
42437289 56
42437300 72
42437305 71
42437312 13
42470082 0
42437319 41
752650952 0
42437324 181
42437326 4
3248816589 1
42437333 88
42437339 57
276204253 0
42437343 67
42437346 74
42437349 52
42437358 256
42429565 59
42437363 337
42437368 388
42437371 299
598054698 0
42437379 0
247073541 0
42502920 0
42437396 217
294062870 0
42437401 38
294062882 0
276204325 0
294062892 0
294062893 0
42437423 25
294062896 0
42437425 34
294062898 0
294062899 0
42437428 2
294062902 0
294062903 0
294062904 0
42437433 50
294062906 0
294062907 0
42437436 52
294062910 0
294062911 0
42437445 69
294062920 0
294062921 0
42437451 76
294062924 0
294062925 0
276204366 0
42437465 35
42437472 14
42437481 0
276204398 0
60918686 49
42437536 72
765889458 0
486869939 213
42437559 93
42437564 68
42470343 0
42470346 0
42437580 151
2034011088 0
42470354 0
297929685 0
3919350742 0
3919350743 0
42470360 0
3919350745 0
3919350751 0
3919350754 0
42437605 110
3919350758 0
42437608 1
3919350761 1
3919350763 4
42437612 0
42437613 2
42470385 0
42437618 1
42470387 0
42437626 71
42437644 245
3248816643 0
42437654 379
42437663 195
3325791265 0
42437670 349
106138663 0
42437678 0
42437686 43
42437688 143
42437693 196
42437699 120
2792787013 0
42440545 45
3569749093 0
3569749094 0
3569749095 1
3569749097 0
3569749098 0
3569749099 0
294095980 0
294095981 0
294095982 0
3569749103 110
246647920 20
3569749105 0
3569749106 0
3569749107 1
3569749108 6
42437749 57
3569749110 0
3569749111 0
3569749112 0
42437753 24
42437755 51
42437757 1
3569749119 0
42437760 51
3029929089 0
3569749122 0
42437763 45
3569749125 0
3569749126 0
3569749127 0
3569749129 0
42437770 34
42437773 30
42437775 4
3029929106 0
3029929108 0
3569749141 0
3029929110 0
3569749143 0
3029929112 0
3569749145 0
42437786 20
42732710 0
103877800 0
300570483 0
294096056 0
42429643 31
42437830 78
42437845 62
4235734224 3
42437874 1
42437881 152
246648063 0
42437890 189
42437909 139
42437914 165
42437917 29
42437918 31
42437921 12
42437923 27
593300772 0
42732842 0
42437932 15
42732852 0
3096612154 0
42437949 55
598248774 0
42437959 189
42437962 2
42437965 34
42437967 107
42437972 6
42437980 45
42437988 0
42437990 1
598248807 0
42437992 66
42437996 73
481201523 0
765365624 0
42732922 0
3096612222 0
42438018 33
42438024 9
42896784 0
3096612242 0
4011396500 0
4011396502 0
42438043 35
42896796 0
42438045 37
42438052 18
481201577 0
42896812 0
3224210865 0
42732983 0
42424225 48
593300940 3
3096612301 0
598043896 0
42825882 0
103222764 0
4011396596 1
103214336 0
42438155 16
42896918 0
3096612379 0
42438174 53
4207313500 11
42438186 38
42438189 18
42438199 17
246877761 0
246877762 0
1825803850 0
42438228 26
42438235 143
42438236 4
42438240 132
295013992 0
42883005 0
42438257 43
4332457588 0
42438275 7
103878277 0
42438281 6
103878291 0
42438292 22
42438295 17
42438297 15
42471076 0
294093426 0
42883019 0
103878349 0
42438362 2
1691389661 0
4209410683 0
42471180 0
42503949 0
42471183 0
42503956 0
42471197 0
42471201 0
247074607 141
246648626 0
42429747 32
296856884 0
42438463 4
42438476 49
471240527 0
42438485 26
42438487 22
42504024 0
42438490 2
42897243 0
588115258 0
42504031 0
42471265 0
42438498 47
42438503 49
42438506 56
42438509 58
42438513 15
3573482131 0
42504053 0
42438531 90
278630279 0
42438544 55
42438547 123
103878555 0
3846772721 0
42864553 0
3833447070 0
294093471 0
1764626366 4
3778744257 0
588115277 0
103878609 0
103878611 0
278630368 0
247074801 0
246878196 16
103190527 0
1504153604 68
752619534 0
42438672 74
42438674 92
1504153626 54
60919842 0
294093490 0
42438704 454
42438707 104
42504249 0
42504253 0
42799170 0
246878283 0
246878284 11
42438774 126
42438784 130
42438785 31
42864770 0
42438788 21
42438791 28
42438795 1
42864781 0
42438798 32
42438800 55
42438802 59
42438805 52
42438809 9
42438836 66
42438839 45
476025020 0
3630436544 7
42438859 75
42438862 69
1728266957 2
42438881 81
42438886 91
42451665 3
42438889 111
42438891 106
42438894 115
42733813 0
42438908 37
42438923 48
42438928 53
295276818 0
42471710 0
42438949 26
42471719 0
42438953 32
42471722 0
3204944172 0
42471726 0
42438961 64
42471731 0
42471733 0
42438971 45
42438973 58
1852281160 0
42471754 0
42471764 0
293802329 0
42439006 75
1544809872 91
42471779 0
42471785 0
42471787 0
42439025 98
1952059776 0
498897281 0
42439042 62
106074504 0
588546798 39
42439070 56
451019504 0
42439096 69
42439099 46
42440785 50
3976008171 1
2862420460 0
3976008173 16
3976008174 0
3976008176 2
3976008177 2
3976008178 0
278630910 0
246649343 32
246649344 0
246649345 24
42439170 67
42439178 66
42439181 164
42439191 0
3874689569 4
3874689571 11
42439207 10
42439210 26
3874689580 25
42439213 26
42439225 8
765596218 0
449581627 2
42439228 11
42439236 31
42832453 0
42439243 0
42439249 12
246649427 0
246649429 28
2025165403 0
1731564125 0
2025165409 0
2025165414 0
2025165415 0
42439272 68
2025165417 0
42439275 60
2025165421 0
2025165422 0
42439280 101
42439286 98
42461484 0
42439295 49
42832512 0
42429890 43
42832531 0
3477246612 0
246878874 0
246878875 2
246878876 0
42799780 0
42439345 101
103223998 0
42734286 0
103125713 0
42439389 36
42439392 21
246649570 0
42439395 1
2509345510 0
42439399 40
42734314 0
42439403 46
42439406 78
3639382767 0
42439409 37
42439416 23
370880729 0
761860869 1
42439440 352
596788016 45
42439464 72
42439488 73
42439490 52
42439497 35
627905367 27
42898265 0
42439527 15
42439530 13
42439533 1
308679535 0
42439537 25
103093107 0
596775808 0
42439553 16
42439556 46
42439557 0
42439559 49
42439561 75
42439563 72
42439567 73
596775825 16
42439580 51
596775840 101
42439588 91
596775851 0
596775852 2
596775855 0
596775856 1
42439601 35
596775867 0
596775870 0
293344192 0
76464971 0
596775876 93
596775882 2
274699215 0
3341915089 1
3341915090 0
3341915091 0
596775892 150
596775900 105
596775907 1
596775914 1
596775919 2
42439673 0
596775930 72
596775935 1
596775941 109
596775946 175
596775951 55
596775963 0
596775973 39
3008856924 0
596775979 62
596775985 0
764744759 0
103093310 0
103879746 0
302257223 0
596776009 43
596776017 46
42832979 0
596776021 37
42832982 0
42832985 0
596776027 42
42832988 0
42832991 0
596776032 79
42832996 0
42832999 0
596776041 51
42833005 0
596776046 35
42833009 0
42833012 0
471241849 0
596776063 28
103879816 0
596776074 38
103879819 0
103879821 0
596776078 45
42439823 218
42439826 55
596776083 32
42439830 56
596776089 116
42439834 77
42439836 59
596776095 38
42439840 95
42833057 0
246879394 0
42505383 0
476026026 0
42865836 0
42505389 0
42505393 0
596776115 37
277386421 0
596776120 38
42505402 0
596776127 27
60921024 0
60921025 0
596776132 56
42505415 0
42505420 0
2457398818 0
42439887 67
596776144 19
596776150 29
42505433 0
42439899 204
596776156 31
42439905 9
42435451 197
596776164 57
596776165 73
42439910 6
596776167 11
302257385 0
596776173 31
302257391 0
596776177 25
42439922 7
42439924 10
42439927 40
42439929 1
302257406 0
596776201 68
42439952 168
42439955 172
42439960 122
2619272751 0
42439964 76
488248607 0
596776224 84
2987758882 0
2987758883 0
42439972 85
302257448 0
42439981 138
42439984 206
42433138 12
42439990 111
42439994 270
42439996 211
42447323 63
42440001 89
42865986 0
596776260 139
42440009 97
302257482 0
42440012 79
42440015 45
302257488 0
42440020 74
42440022 173
42440025 52
1261680432 3
42833250 0
42505576 0
42833259 0
746132849 0
42833266 0
42440052 21
596776314 0
42833276 0
42440069 23
42768620 0
294065560 0
42833306 0
294065563 0
596776349 38
42833312 0
42833316 0
42833321 0
42833328 0
440243634 0
440243635 0
42833332 0
440243638 0
42833340 0
596776386 0
589927878 28
589927879 124
42866935 0
42440144 96
103880145 0
42833367 0
3927578072 0
42440153 147
596776413 35
440243680 0
42440163 94
42800613 0
42440170 60
3783071220 0
596776442 51
302257661 0
3783071232 0
219780613 0
302257671 0
302257674 0
3783071243 0
302257677 0
3783071246 0
440243737 0
596776474 58
302257711 0
596776497 110
589927991 0
42440253 0
277386815 0
42440258 36
42440270 6
589928020 41
3788379733 33
596776534 119
42440280 45
42440282 142
589928028 146
589928029 39
589928030 87
42440287 70
589928033 84
596776546 34
589928035 33
589928037 0
589928038 3
589928039 3
589928040 39
589928041 28
1251612266 0
42833515 0
302257784 0
42440313 242
3670414976 15
596776578 0
42440323 69
42440325 34
42440326 72
103869228 0
42440330 93
246650510 0
596776594 22
246650523 0
246650524 0
42440350 72
596776613 16
596776624 48
42505910 0
42440376 11
42440381 51
42866368 0
42440385 17
42866370 0
42866373 0
42505929 0
42833612 0
42866381 0
596776654 4
596776656 0
42440401 0
42833618 0
596776659 0
42440408 103
595105499 0
1701844700 0
4378236641 17
2503677681 0
42440452 118
42440453 82
42440456 1
42440459 100
42440463 146
42440465 110
42440469 61
42441007 32
598054695 0
1701844777 0
1773082410 3
595105581 0
42440494 39
3817760665 0
595105589 49
595105592 0
42440527 19
42440532 0
42800986 0
42473313 0
42440553 26
3817760667 0
42440565 20
42440566 16
42440567 10
103126910 0
103126912 0
42440577 0
595793811 0
42506170 0
42866622 0
482842560 0
42866625 0
4302903239 7
42866632 0
3252590541 2
3252590542 1
3252590543 0
3252590544 0
246650838 21
42866647 0
246650840 0
42866652 0
276207581 0
276207583 0
42866657 0
42866664 0
42866667 0
42440686 36
1112485544 0
61271722 154
42440710 238
42440721 132
42440729 233
42440737 190
3742668836 0
42440743 226
42440754 65
278632502 0
278632503 0
42506300 0
42735968 0
3778416706 0
1828749428 3
103880785 0
42440798 41
42473569 0
42440804 138
42440810 125
42440815 296
276207729 0
42440820 103
42440823 127
42440825 122
42473595 0
42440829 176
42440838 245
2411403404 0
42440850 16
65902741 0
42440854 39
42440873 7
42768584 0
301275344 0
42440916 29
42440918 0
42768599 0
42768611 0
42768613 0
42440935 67
42866920 0
42834156 0
42834164 0
42440951 137
42866942 0
42440960 87
42440966 76
42932488 0
42932492 0
42440973 88
1112485592 0
805771544 59
42441000 83
440244527 0
440244528 0
42441009 38
805771586 2
529799493 0
42867029 0
103881056 0
373889390 0
42735984 0
2321258879 0
299178371 0
42441099 5
2703104396 0
246913431 75
103881168 0
246651360 0
246651361 0
42473959 0
42801650 0
103881210 0
103881212 0
42506750 0
42899974 0
42441254 16
597826088 0
42441263 0
597826100 0
42441276 0
42441283 7
597826118 0
3842775629 24
42441295 0
42517603 0
3842775637 2
597826139 0
42932839 0
597826154 0
42801787 0
42932884 0
597826198 0
42932888 0
42736282 0
597826209 0
3096615590 0
597826217 0
597826225 0
42932921 0
1769708232 3
1769708236 0
449616592 0
42932948 0
246580345 0
42866365 0
2423522427 55
597727988 0
597727992 0
597727993 0
246651647 0
246651648 0
597728004 0
597728014 0
597728022 0
597728024 0
597728029 0
1541937951 1
597728036 0
597728040 0
597728043 0
597728050 0
42441535 18
42856246 0
60922694 0
597728082 0
42900309 0
42441564 21
42441569 16
103193445 0
597728103 0
42441587 18
42464834 0
3341917064 0
3341917065 0
3341917066 0
3341917067 0
3341917068 0
42856258 0
597728145 0
1541938066 0
597728147 0
597728148 0
597728149 0
597728150 0
597728151 0
597728152 0
597728153 0
597728154 0
597728157 0
597728158 0
597728159 0
597728160 0
3096615848 0
3096615849 0
3096615851 0
3096615852 0
3096615853 0
3096615854 0
3096615855 0
3891960758 0
3891960759 0
3891960760 0
60922812 0
103872546 0
42441668 26
42867654 0
103160779 0
3686051662 0
1112485711 0
3795557341 0
42900482 0
42736651 0
103881776 0
1919595917 34
42441805 27
42441823 47
3480362090 0
4156726384 0
494509169 0
60923008 0
914005129 0
42900636 0
1764400286 0
1764400302 1
42900657 0
1764400306 2
246652083 0
42900660 0
246652085 0
246652086 0
42900665 0
1764400318 0
42900675 0
357637334 0
1329098617 3
3480362200 0
42441949 36
42441950 43
42441952 16
42441953 25
42441956 49
42474733 0
42474746 0
42474795 0
246580445 0
3827330952 0
42446733 41
246881639 0
42802543 0
60923264 0
103882116 0
2645335433 0
3783073166 0
1260335139 0
246652323 0
246652326 0
42474924 0
4347534767 53
597269937 0
42474930 0
42442164 0
42474935 0
60923321 0
595729853 0
4347534783 123
597269952 0
3783073217 0
3783073218 0
597269955 0
246652365 0
42474960 0
3783073233 0
42474962 0
3783073253 0
2891718122 0
3783073260 2
3783073263 0
42441299 18
42442230 40
3783073271 1
42442247 69
3783073288 33
106110474 0
42442255 72
449388060 0
42442269 41
42442273 43
103870384 0
42442276 49
42442286 173
1215606708 0
1372888639 0
42835523 0
42835547 0
449388143 0
42835569 0
103882354 0
42835573 0
4379778679 0
42835588 0
42835590 0
42835593 0
42835597 0
768581265 0
42835602 0
42835606 0
42835611 0
42442410 41
42435869 36
42442417 29
42442422 56
246881975 0
295575225 0
42442432 106
42442445 53
2058919631 0
42442451 48
246652628 0
246652629 0
246652630 0
42442459 56
42442463 100
42442469 68
1773084391 42
246652650 0
246652651 0
42442480 80
1773084402 3
1773084405 4
1773084407 46
1773084410 44
42442492 39
42442502 29
588455694 120
588455698 2
588455700 1
278634272 0
246882084 0
42442534 113
471244587 0
42442542 92
42442549 14
1372888888 0
42442555 21
42442557 19
588455742 68
588455743 153
42737472 0
42442561 30
246652740 0
42442565 39
42442567 33
42442569 84
42442571 26
1372888911 0
246652755 3
246882133 0
42508120 0
42508123 0
4320108384 1
4320108387 1
42803046 0
42442613 67
42442618 17
103882621 0
42442625 44
42475395 0
42442628 41
42442635 39
42442638 59
42442642 40
42442645 21
246882202 0
246882203 0
42442656 33
42442659 38
42442664 25
1420631978 0
42442671 36
42901424 0
588455857 21
246882229 0
246882230 0
42442684 1
561035349 114
103882697 0
103882699 0
42442703 1
42442710 39
4331118556 0
42442717 18
42442722 27
42442723 25
42901476 0
385653414 0
42442728 39
2058919917 0
42442734 257
42442741 5
103882746 0
42442750 2
42442755 29
42442764 28
42442770 54
298917917 0
42442788 17
2058920003 0
2058920018 3
42442842 113
42442843 45
42442848 79
42442850 56
42442851 63
42442857 91
60924012 0
42442862 66
2058920052 2
42442870 91
42442877 74
42442881 64
42442889 214
42442891 77
42442895 63
42442898 67
42442902 76
42442906 0
42442910 0
42442913 100
42442918 194
42442931 187
42442933 151
42442935 115
42442937 251
42442939 105
42442943 103
42442947 142
42442948 99
42442949 69
42442952 72
42442955 85
278634700 0
42442957 86
42442959 86
42442960 79
42442961 232
42442963 215
42442977 139
42442983 97
1203806440 44
103162102 0
42443000 77
42443009 77
42443020 72
42443024 59
42443027 125
42443029 66
42443032 50
42443037 69
42443040 54
42443042 53
42443044 53
42443046 41
42443048 87
42443050 52
103162155 0
42443052 53
103260461 0
42443054 196
42443056 118
42443058 72
42443061 41
42443066 55
42443068 88
42443072 67
42443077 46
42443078 49
42443081 17
42443085 101
103260496 0
42443092 187
103260502 0
42443116 459
42443127 1
1203806626 0
4137591212 0
4320108989 2
1814471103 0
103162306 0
42436001 37
1805328840 0
42475983 0
42475986 0
2385813972 0
298918396 0
42443264 44
42443268 55
42443280 85
114662148 0
42430557 25
42476080 0
42443313 48
1825841715 0
42443320 196
42443326 62
42443329 55
42443332 37
42476102 0
42443336 87
595314103 0
42443341 55
42443344 64
42443346 42
42443347 91
42443349 46
42443353 92
42443363 31
42443366 44
42443373 38
42443381 71
42443388 141
246882948 0
246882949 0
42443403 121
42443406 79
42443413 25
1420632727 0
298918559 0
42443426 27
42803880 0
1279337135 7
4145586916 20
4145586919 0
541467370 0
3783088935 23
595337964 24
4145586932 0
4145586933 0
42443513 32
4145586940 0
42443522 69
1061531777 58
42443528 158
42443532 102
42443534 90
42443549 0
42443556 136
42443561 146
42443563 138
42443570 0
42443574 17
1792549689 0
42443582 11
42476352 0
1061531787 45
2482581646 0
42443612 59
42443613 1
42443614 63
42443615 130
42443618 93
748725094 0
595436395 0
42771315 0
597728063 0
42443659 22
42443671 75
42443674 56
42443676 33
42443680 127
60007350 0
1061531807 147
42935231 0
42476485 0
42447009 138
247079889 0
60007381 0
42476503 0
42476514 0
42476522 0
42476532 0
356623349 3
60007414 0
60007415 0
42476536 0
1538237434 34
42476545 0
42476565 0
42443804 76
42443810 55
42476585 0
42443818 61
42443821 33
486876219 0
42443844 26
42476614 0
42476625 0
42476636 0
103097446 0
42476648 0
103097454 0
42509423 0
42476656 0
42476669 0
694854792 0
694854793 0
2321294500 0
42443950 155
42476732 0
42443965 220
42443975 134
2321294536 0
60007631 0
42476753 0
60007643 0
60007644 0
297051385 0
42444028 40
42444043 88
4321748237 16
4321748238 0
42444049 86
42444051 105
42444055 32
42444060 58
42444069 46
297051435 0
42444081 48
3670418747 0
3341917069 0
42430691 96
42444116 16
42444123 20
42444129 61
597728146 0
3569749104 0
60917021 0
2433000860 0
42444200 35
42444223 11
4090176961 0
2348688837 0
42444230 1
60925389 0
293348823 0
42739178 0
1203709420 16
42444271 30
3734578672 0
42444277 23
42444279 39
42870277 0
42430722 44
2523309612 0
42444353 39
42441654 24
293348946 0
3928841146 0
293348989 0
42444414 21
42444424 127
42477215 0
3446679201 0
42477222 0
42444456 432
42444458 253
103098028 0
42444461 62
42477230 0
42752968 0
42444479 33
42477251 0
42477252 0
42444485 18
42477254 0
42444487 24
42477256 0
3971196618 0
42444491 0
3971196622 0
42444495 48
3971196627 1
42444500 36
42444506 37
3449988835 0
3449988837 0
103884534 0
1657546495 0
42804992 0
42444581 0
529049383 0
3785612258 397
60925784 0
60925795 0
3789563794 0
3932923797 8
42739615 0
371337150 6
247080924 0
299182056 0
3711838194 0
1659021301 0
60925950 92
1659021320 0
42444809 17
42444810 27
3891963915 2
42444812 1
42444814 28
42444817 45
42444820 43
42444827 53
42444829 41
42444832 32
42444833 25
371337250 0
42444835 54
42444854 21
4016646206 40
4016646214 0
493889629 37
42444897 2
2411145323 0
42444909 167
42444916 54
60926076 45
42444928 81
42444933 68
103098504 0
300853392 0
42444947 3
103884953 0
42444954 86
42444960 114
247081122 322
42444964 164
42444985 194
4191922366 7
42444991 191
4191922369 29
42445001 244
42445011 145
42445018 114
42445020 164
42445025 105
42445027 103
42445033 80
4235733228 0
42445037 222
4235733230 3
42445039 92
4235733233 0
4235733234 1
4235733235 0
42445051 65
4024150289 0
42447235 84
748726621 35
1904847201 0
1772136805 0
42838389 0
42445174 26
3778324860 0
587934079 58
42445185 86
42510722 0
42445196 57
300788122 0
42445215 32
300788132 0
4209420712 0
42445225 18
42445227 46
42445230 0
42445232 48
42445236 57
42478008 0
42445247 83
42445256 65
42445259 35
42445261 40
42445263 57
3562587903 0
42445310 86
42445314 0
42871299 0
42871307 0
42510861 0
3562587907 0
42478102 0
42478107 0
42496432 0
42871334 0
42871339 0
42445356 52
42445357 22
42871346 0
42445365 102
42445369 153
42871355 0
2836081212 0
42445374 129
42871360 0
42445378 283
42445382 38
42445387 2
42445390 187
42445392 0
42871379 0
42871386 0
42445404 57
42445409 51
42445411 39
42478180 0
42445413 66
42478183 0
42445417 189
42478191 0
42445426 25
587934347 0
42430914 32
42445466 52
42445474 22
42445479 19
42445481 22
42445484 33
42445489 28
42445498 90
42445511 11
42478283 0
42478287 0
42445520 49
42478289 0
42445534 67
607922912 2
42478307 0
42445543 20
247081705 0
247081706 0
42445548 0
247081711 0
247081712 1
247081715 0
42445558 31
42445561 18
3655086549 0
42445569 25
42740482 0
42445574 114
42480088 0
42445587 58
370924677 11
42478369 0
42445603 63
42445606 94
42478376 0
42445612 20
42445617 39
370913758 1
42445630 13
1472637761 0
42445634 46
42445635 26
42445640 40
42478411 0
42447330 78
42445649 146
42445651 115
42445653 125
42445656 125
42445661 145
42445664 25
42445666 0
42445667 36
42445680 9
42445702 19
2796727177 0
42824174 0
42463727 0
42445731 16
42445733 24
42445736 0
42445738 24
42445740 30
42445748 46
42904507 0
42445757 11
766749630 0
42445766 109
42445769 99
42445773 49
42445817 18
42445823 27
42445827 18
42445840 12
42445843 23
42839062 0
42839067 0
42839076 0
42445867 90
42441907 6
486868830 0
42445879 23
42445885 45
42445888 60
42441910 3
42445896 47
42445899 60
42445903 33
42445908 58
42445909 69
42445910 71
42474681 0
42445914 57
42445916 126
42445917 37
42445920 40
42445924 51
42445926 59
42445928 95
42445930 77
42445936 64
371207282 5
42445941 66
42445947 112
42445950 110
42445953 105
42839172 0
42445961 39
42445972 67
42445976 73
42511521 0
42445994 33
42871990 0
42431007 27
42446013 90
42446016 61
42446021 88
42872008 0
42446026 22
42424610 52
4235734221 0
42446031 24
42872016 0
42446036 44
42446041 29
42872042 0
42446066 25
42446070 22
42446072 22
42436614 0
42446086 137
42446093 86
42446099 54
296856858 0
561949979 6
296856879 0
296856881 0
42446132 12
42436489 138
1209576761 0
42446138 50
3919359296 1
42741058 0
42446147 31
42446152 153
296856905 0
1207381341 0
42446187 89
42446190 94
42511729 0
42446203 2
561950077 2
42446218 104
42446245 38
103230886 0
1209576872 1
42440397 79
42446266 92
42446270 67
4290981311 0
1105800640 0
42446275 81
277032406 0
2025097124 0
2025097125 0
42446331 28
42446337 9
1773121034 42
1773121036 0
42446353 124
42741268 0
42741272 0
42446363 50
42741276 0
42741279 0
42446386 0
300789307 0
300789316 0
42905185 0
42905203 0
766750326 0
42446455 28
766750329 0
42446461 3
42446466 83
42446472 57
42446478 51
103132816 0
1112485522 0
3582406293 0
42446488 117
1112485531 0
60927650 0
3919359655 0
42446504 164
42446506 39
277032631 0
42446521 55
42446528 45
42446533 75
42446547 81
42446552 39
3020369625 0
529051355 0
42446562 37
42446571 19
42446584 11
561950457 0
3036229377 43
3036229381 0
103100169 0
42446604 33
42446622 35
103132964 0
1061531429 138
42431111 13
1061531447 75
42938169 0
449621818 0
247072735 0
1061531454 102
42846177 0
2821304136 28
2821304137 46
2821304138 83
60927822 3
2821304143 0
2821304145 0
2954866520 0
1061531496 58
1061531500 52
42446701 102
1061531504 60
2954866546 0
1061531509 61
1773055865 47
2954866558 0
2954866560 0
42446723 34
1061531525 44
1061531527 69
529280909 0
42458435 0
1061531550 41
1061531566 59
42446772 48
3324555189 0
1061531575 31
42446778 61
1061531593 60
1061531596 49
1061531597 59
205008849 2
1061531603 78
1061531608 41
2473603044 0
3536400365 0
1061531631 28
1061531634 60
1061531637 29
1061531645 45
1061531654 46
42446875 62
1061531682 46
1061531683 29
1061531685 84
42446889 38
561950766 0
1061531695 50
1260335152 0
1061531707 0
1899245629 0
1899245632 0
1061531717 0
597241928 0
1260335181 0
1061531727 48
1061531730 43
1061531731 44
42446932 53
42446933 56
42446934 36
42446935 40
1061531736 50
766750812 0
42446941 57
42446942 103
42446945 48
42446949 64
1061531757 0
42446959 241
1764405361 0
1764405363 3
1061531768 35
42446971 77
42446977 42
42446986 79
42446987 97
1061531790 43
42446991 89
3655086224 0
42446994 69
42446998 50
42446999 60
1061531802 31
1061531803 29
42447007 79
1575006369 0
1061531810 50
1061531815 41
1061531818 44
42447020 114
42447030 50
1061531839 41
1061531847 45
42447060 59
598050852 0
370880731 0
42447069 49
42447076 33
42447084 47
695054577 0
695054578 0
370880761 0
42447105 79
42447115 36
42447126 35
42447132 65
42447136 53
42447144 27
42447149 50
42447166 122
42447169 42
42447174 36
42447176 32
42447179 37
42447182 54
3053662545 0
42447187 37
42447192 36
42447196 68
42447199 156
695054688 0
389001587 0
42447228 67
42447230 0
370914027 0
42447237 78
42447246 18
42447249 30
60928432 0
42425758 28
42447295 14
42447303 16
42807752 0
3655086537 0
42807755 0
42447308 65
42807758 0
42474915 0
42447317 51
42480086 0
42807768 0
42807771 0
42447326 68
42807778 0
42807781 0
746211409 0
298562032 0
42480120 0
42807812 0
42807818 0
308693079 0
598290960 0
42480149 0
308693081 0
193868326 0
42447399 47
42447404 25
42447418 20
42447428 10
42447435 28
300855889 0
4115968601 5
598291035 0
42742384 0
60923328 0
598291074 0
42873480 0
42513041 0
42802627 0
42742426 0
598291108 0
598291114 0
4234425009 0
4234425018 0
42742468 0
4234425037 0
300856014 0
4234425039 0
103199460 0
4249006825 0
4249006827 0
595407625 2
595407628 0
298562323 0
3919359299 0
42808162 0
42808170 0
42808189 0
42808193 0
42808195 0
2891718127 0
595801009 0
595801154 0
595801156 0
595801157 0
595801158 0
301910199 0
1901016191 0
2447553689 0
42841242 0
1989096622 0
2447553712 0
2447553713 0
42874036 0
42874050 0
3875091651 0
42874057 0
42874058 0
42874059 0
42874060 0
3783144654 0
42448081 0
42874069 0
42874072 0
42874074 0
42874076 0
42874078 0
60929249 0
42874087 0
4382842407 0
4384069429 0
60929278 0
373929217 0
4382842415 0
42448162 22
42743079 0
42448171 49
42874179 0
42874186 0
42448203 23
42874192 0
42448216 0
42448238 45
42448254 49
42448257 22
1919595910 0
2883532168 0
1919595914 41
1919595915 234
1919595916 103
42481037 0
1919595918 54
1919595920 0
247084433 0
1919595922 0
1919595924 2
1919595925 83
3834459542 0
1919595927 47
1919595928 49
1919595929 1
247084442 0
247084443 0
298792355 0
42453236 43
595703226 18
42448317 1
42448326 141
42448329 44
42448338 72
3091412470 0
42448379 143
103855619 0
3272816133 0
42448390 81
103855623 0
595703304 0
42448430 26
3569858104 0
3569858112 0
42425955 51
42448469 53
3630249566 13
103855742 0
2072447253 0
42841755 0
42841760 0
42448549 3
42448552 27
42448554 0
42743468 0
42841773 0
42448558 1
42841778 0
42448563 209
42448568 44
42743481 0
42448570 1
3579426492 72
42841790 0
4379778677 0
1251456706 0
1251456707 0
1251456713 0
488257229 0
42448593 35
3341858521 0
3341858522 0
3341858523 3
42874596 0
296859370 0
296859373 0
103855858 0
42874618 0
296859388 0
42874622 0
42874625 0
42874628 0
42874631 0
42874636 0
42874640 0
296859413 0
42874646 0
3705255709 0
296859423 0
1261680417 0
42448674 22
1261680422 0
1261680426 0
1261680429 0
296859440 0
1261680434 1
42448693 194
1261680442 0
1261680445 0
1261680449 0
42448707 177
1261680453 1
1261680455 1
1261680457 0
3037017930 0
1261680460 0
588592974 16
1261680467 0
42448726 17
42448729 0
42465072 0
42448745 80
588593059 0
42907558 0
42448811 73
42448813 74
42448828 0
42436939 62
42481610 0
42436943 72
103135210 0
2991208461 0
247085079 113
42442415 65
480491548 0
42448930 83
276314176 0
276314179 0
276314180 0
561035333 91
276314182 0
276314183 0
561035338 19
561035343 256
301545554 0
301545555 0
301545556 0
301545557 0
561035350 86
561035351 1
561035357 36
561035358 44
561035359 34
561035360 45
561035361 125
561035362 47
561035363 45
561035364 38
561035365 50
561035366 58
561035367 50
561035368 54
561035369 38
561035370 104
561035371 49
561035372 85
561035373 115
561035374 59
561035375 47
561035376 59
561035377 46
561035378 66
561035379 62
561035380 131
561035381 41
561035382 87
42449017 81
301545594 0
42449021 44
301545598 0
42449023 24
301545602 0
301545603 0
42449029 35
276314246 0
301545614 0
42449045 22
103856288 0
42449067 37
3829872815 1
42491592 0
2439690418 0
1478572211 33
42449076 21
42449089 25
2439690438 0
588593353 9
42449098 0
2439690443 0
246649346 33
1478572253 0
42449127 12
42449187 52
42744103 0
2340960600 72
42482011 0
661993821 0
42514785 0
42842479 0
42482034 0
588036470 0
588036474 0
42842492 0
42482048 0
42442475 37
298563974 0
3655086558 0
42449308 65
103856544 0
42449314 58
42449333 56
103201208 0
103201209 0
42449341 70
42842559 0
42449345 51
42842564 0
42449352 21
588593611 135
42842573 0
482654674 0
42842580 0
42449390 1
42482165 0
1251457537 0
42449413 0
42449422 52
42514959 0
42449427 59
2216999449 0
301546019 0
2216999460 0
42482227 0
42514998 0
42512016 0
2548042170 0
42908259 0
42515050 0
42442514 42
1506445762 35
42449550 51
42908315 0
1814477468 37
42449570 27
42449576 31
3783146160 0
3783146162 0
42478194 0
3783146166 23
3783146170 0
42449597 47
3783146174 0
42449600 30
42442528 40
42482372 0
3783146184 0
42449613 68
42449627 9
42482398 0
42449631 20
42449634 27
42449637 21
42449639 19
42449641 11
42449644 21
370870738 0
42449653 15
42449654 11
42449656 28
42482429 0
42482433 0
42802987 0
42449683 121
42449685 311
42449689 3
42449691 17
767998755 0
247085867 0
103856943 0
482655039 0
42482509 0
42442552 48
42908498 0
307870549 0
42908503 0
307870558 0
42737467 0
42908517 0
598227824 0
42482552 0
42442559 13
42482557 0
598227849 0
246889362 0
529054613 0
60923716 0
42449833 32
42449840 78
247086019 0
279151954 1
42431650 38
598227919 0
42449874 106
42449886 58
42449890 46
42449893 67
1506445822 29
480492539 0
42449918 91
42449926 45
42449928 115
42449932 190
103103505 0
42449938 101
42449942 103
42449945 199
42449947 91
42449948 92
42449954 106
42449956 99
42449961 92
42449963 105
42449971 0
42449979 172
1815133244 88
42449982 64
42449985 55
42449991 53
4235738196 0
42450009 60
42450015 97
42810468 0
480492646 1
42450025 45
42450028 67
42450030 52
42450035 30
482655348 0
42450037 40
42450044 137
42450048 16
42450052 29
42843270 0
42450055 45
42450057 72
298564749 0
3977886863 0
3977886865 1
42450066 38
42450071 115
42450080 39
42450083 68
293780657 0
293780668 0
293780670 0
293780672 0
42843340 0
103136467 0
42874062 0
4019305696 0
103136485 0
1692450029 84
4019305710 0
42908911 0
4019305715 0
42908922 0
3749657851 0
302464258 0
4019305744 0
4019305747 0
4019305749 0
4019305765 0
4019305786 0
42450275 16
598031719 0
42941801 0
246857083 16
246857084 117
103866263 0
480492947 0
4019305890 0
42442651 77
42450341 77
3891969467 0
3891969468 1
3891969470 0
3891969471 0
4019305931 0
4019305940 0
4019305942 0
300563943 0
300563945 0
300563947 0
300563948 0
247119341 0
42450426 115
1893285378 0
4244408921 4
42450456 37
42515994 0
42450460 1
42450468 92
3785702957 0
3785702958 0
247122525 0
247119420 0
247119422 0
3477651017 0
42497866 0
246890098 57
1657650822 0
1657650826 0
3392519824 0
3392519826 0
3392519828 0
3392519830 0
3392519831 0
3392519833 2
3392519835 4
3392519839 0
3392519843 0
42917830 0
3392519846 0
3392519848 0
598228660 0
3392519863 0
3392519865 1
3392519867 0
3392519868 0
3392519869 0
3392519871 0
3392519878 0
3392519879 4
42483410 0
42483414 0
247119596 0
42483438 0
42453630 72
449658617 0
42450688 82
597311233 0
4143824664 0
3579133722 0
3579133724 0
246890279 0
42483504 0
103137081 0
42876764 0
42483551 0
42483560 0
42876788 0
42876791 0
42876795 0
42909564 0
3096657792 0
42450820 28
247119753 286
247119759 0
247119760 0
247119761 0
1205714835 6
42778520 0
103137183 0
247119784 0
247119785 0
247119786 3
103202760 0
103202782 0
247119856 52
247119857 0
3096657911 0
1773060097 11
1773060099 1
278609934 1
1254408221 0
598622240 0
598622241 0
598622261 0
598622265 0
598622267 0
598622270 0
76464195 0
598622278 0
598622280 0
42844233 0
598622288 0
42844241 0
308363346 0
246890579 59
598622293 0
300859478 0
598622296 0
42844251 0
247119974 0
42844264 0
103096338 0
42844271 0
3857334397 2
42844299 0
567820429 0
42844306 0
103235749 0
103858345 0
103235767 0
103858361 0
295518407 0
103235788 0
42516686 0
42516693 0
42516695 0
4216045795 0
4216045798 0
4216045800 1
42516713 0
4216045802 1
4216045804 0
42844397 0
4216045808 1
4216045810 0
42481022 0
4216045816 3
246923513 0
4216045821 0
4216045822 0
4216045828 0
42481025 0
4216045832 0
4216045834 1
4216045835 2
4216045838 0
4216045840 0
76464404 0
247120149 0
247120150 0
4216045847 1
4216045848 0
4216045849 0
76464410 0
4216045851 0
4216045852 1
4216045854 0
1919595912 37
3834459531 0
103858511 0
766001495 0
1919595921 79
247084436 0
3184509306 0
103858562 0
42910092 0
42513816 0
1632878994 2
3630219668 2
103858585 0
103858587 0
42451370 190
3420766635 0
3420766636 5
42484164 0
42484167 0
42484171 0
4375003603 0
42484186 0
247120348 0
42484200 0
103858697 0
694895124 0
42437384 51
103858748 0
3857400388 1
3857400393 0
2058920035 0
3857400404 0
3857400409 3
42451564 93
76464754 0
42812019 0
250546966 0
42451593 12
373932683 0
42451604 23
294062873 0
3569402521 0
3833447069 0
598033054 0
2481865390 2
42746544 0
246858431 0
246858433 0
42451650 30
246858435 1
42451660 46
246858445 41
246858448 0
246858449 0
42451674 99
42451695 57
42451736 50
76464924 0
42451744 25
42451754 16
1506591534 0
1506591536 0
276316979 0
42451766 20
42451773 5
42451787 49
42910587 0
3285697426 0
42877845 0
246891414 0
42877849 0
42877851 0
246858654 173
3285697439 0
42877856 0
42877861 0
76465081 0
746243097 0
746243101 0
42452006 38
42452015 44
42779698 0
42779702 0
42452026 52
42484806 0
42452040 33
42746959 0
42452056 103
42452067 79
42452076 28
42452084 31
42452107 20
42452117 18
42452130 7
1272562861 0
42452147 41
60924107 0
2423997639 0
4332700903 0
1272562931 56
373933306 0
42779909 0
103859491 0
42747177 0
42747180 0
61261104 0
42747188 0
42747190 0
42452290 1
1775176473 0
42452314 63
597443933 0
1209943391 0
597443942 0
42452330 60
1545532990 0
42452353 117
42452365 102
42432068 47
2499757467 0
600524194 0
42452396 7
597444020 0
597444023 0
595314104 55
597444030 0
597444036 0
595314120 40
76465622 0
103171552 0
4145432042 3
42825301 0
3391966123 0
42452485 26
42452495 61
42452564 48
103162133 0
42452610 25
42452613 0
3377383055 0
2041169566 0
2302133933 33
42845872 0
103859910 0
2313537249 0
42452708 25
3903014642 0
3562587893 0
3562587894 0
3562587895 0
3562587896 0
3562587897 0
3562587898 0
3562587899 0
3562587900 0
3562587901 0
3562587902 1
42437589 118
3562587904 2
3562587905 1
3562587906 2
593839875 0
3562587908 2
593839881 0
3919350744 0
593839894 101
663799618 0
42452809 14
42452812 0
42452814 46
42452816 29
42452817 62
3919350757 0
299386721 0
3919350760 0
276318087 0
42470380 0
42452875 75
42485646 0
42452882 56
103162181 0
1293174690 0
42846142 0
42846147 0
42846151 0
42485710 0
42452951 31
42452954 0
42452956 57
42432165 182
42443088 53
42452973 165
42452975 112
2823833584 1
3839412209 1
103172087 0
42841770 0
42453000 28
42518540 0
42453005 0
42453007 8
42453011 26
593840148 0
3099326126 42
42911782 0
42453038 16
42453059 1
42497720 0
685164631 68
402475097 123
301910107 0
42841786 0
2010237030 0
42453104 22
301910133 0
301910138 0
42432191 13
301910152 0
301910153 0
301910154 0
42841795 0
301910165 0
301910176 0
301910180 0
42453158 30
42453166 43
2324482224 11
103205043 0
42453175 23
42453177 15
42453183 0
42453187 92
103205062 0
301910215 0
103205070 0
103205077 0
301910237 0
42453216 22
42453220 45
42453226 48
42748139 0
103139570 0
752535796 0
42453241 84
42453246 258
42453251 7
42453253 50
3285698869 0
3285698876 0
42453310 94
42486083 0
3285698885 0
3839412552 0
42453365 28
42453395 125
42453398 82
42453417 58
42514162 0
3919350764 0
42453541 0
42453545 70
42453548 0
42453555 0
42879545 0
42453564 48
103860806 0
42453575 99
103860811 0
42879564 0
42453586 70
4019305919 0
42486362 0
247122523 0
247122524 0
42486365 0
42453601 43
247122531 0
42453604 59
247122533 1
247122534 0
42453607 38
42453610 36
42453613 6
42453624 19
42846846 0
490457730 0
490457737 0
3569749101 0
3569749102 13
42432282 71
294095984 0
42453691 39
3569749109 0
42519250 0
42453717 101
106089178 0
103860955 0
103860969 0
42453757 11
42453773 12
42453777 26
3569749123 0
1381944089 0
42874672 0
597773093 0
597773094 0
597773095 0
597773107 0
42748728 0
42432308 16
3569749130 0
597773119 0
42748737 0
597773128 0
3391966026 0
673008462 25
3569749133 0
3391966039 0
103107428 0
42448701 225
103861105 0
42825534 0
3569749140 0
103861117 0
103172991 0
3814476678 0
42453902 88
3814476688 0
3569749144 0
3391966112 0
3156429739 0
42453934 15
42825544 0
42453943 28
42448714 145
42453952 34
42514254 0
42760015 0
42453986 47
42453999 29
42454006 4
42454010 62
42454012 2
42912771 0
42912776 0
247122967 0
247122968 0
247122969 0
42454042 50
42486817 0
42448735 64
3448818752 0
42432352 106
42454102 13
42749016 0
2468400256 0
2468400257 0
103861405 0
103861407 0
247123109 63
42454189 15
42454192 0
42454196 57
42454209 31
103861445 0
3579432156 80
3579432160 31
3579432161 23
3579432162 34
42519809 0
42519812 0
2411416839 0
4217720078 0
4217720080 0
4217720082 0
4217720084 0
42487063 0
42880308 0
42454325 132
42454328 2
1369722081 0
42476088 0
42454368 27
529288546 0
4244360547 10
42454378 55
42454381 34
103195198 0
3853864315 0
42454401 14
274681226 0
42454423 43
42454428 99
42454433 122
370888100 30
3842788780 0
4374613428 0
4374613430 0
1825841739 173
42454495 0
42421728 22
42421731 46
42421737 57
42421741 34
42421745 0
42421749 16
370893396 0
42454522 110
42421769 36
42454538 42
42421772 47
42421775 0
42421776 23
42421783 57
42454553 78
3857343067 0
42421800 42
42421803 48
42421806 28
42421809 0
42421810 30
42421820 22
3857343072 1
42454600 19
42454611 20
4191917275 5
42454622 11
2435108453 0
3857343079 3
1773063789 16
2435108462 1
42421877 43
42421889 55
42454660 14
42847895 0
247123611 0
247123612 0
42454691 1
42454701 70
103861936 0
42421941 16
42421951 1
42421960 22
42421965 0
42421969 47
42421972 0
42454742 25
42421982 78
42421985 42
42421993 24
42421996 43
42422000 36
42422006 0
42487551 0
42422016 13
42422018 12
42487555 0
42487558 0
42422026 38
42487564 0
42454798 67
42487567 0
42487570 0
42422038 40
42422042 41
1695371036 24
4145794845 0
42487583 0
4321038135 22
4321038136 0
587812665 0
4321038139 8
4321038144 0
4321038145 0
4321038147 1
4321038149 3
3446656845 0
3446656847 0
765251408 16
246861652 10
3446656856 0
42749785 0
765251431 57
103173996 0
276320116 0
42749813 0
3502019745 0
4012724160 334
42454994 66
103862228 0
42454997 44
593300815 0
42455007 40
42455013 21
42422258 37
42422270 12
42455039 147
406048768 12
1793478658 0
1793478660 0
42471829 0
42422283 86
294998032 0
42455059 24
42455083 50
103186672 0
42455113 0
2799390796 0
42455119 104
3377461262 0
4145434712 16
103191038 0
4129804713 0
276385904 0
721834106 0
721834109 0
42881151 0
42455175 32
42520715 0
42455181 31
103207071 0
42455200 102
42520740 0
42815676 0
42455234 12
42469653 0
103108806 0
42455245 31
42455252 28
42455259 19
42815780 0
42455335 17
42455337 24
373936427 0
42815799 0
42815807 0
42422592 136
42815820 0
42815824 0
42815829 0
42815834 0
42455396 45
42455412 17
4145586922 0
247128811 0
4129804701 0
4129804702 6
4129804711 2
595481001 1
373903786 19
276314186 0
42455493 33
103174599 0
2472137170 0
42455509 36
42488278 0
42815975 0
42815983 0
2472137215 0
42488328 0
42488343 0
42521134 0
42488408 0
42448996 179
42488411 0
470209120 0
470209122 18
301545575 0
42488429 0
42455662 60
42455666 0
42422899 64
42455675 100
295228034 0
301545580 0
42455693 26
42455694 0
42455695 72
247222929 0
42449007 56
42436935 36
42449010 78
301545587 0
42455735 70
42488507 0
222024381 0
276314230 0
42455751 289
42455761 77
222024417 0
597414626 0
597414627 0
597414628 0
42423020 368
561042188 0
561042190 0
561042191 1
561042192 0
561042193 0
561042194 0
561042195 0
561042198 0
561042199 66
561042200 0
3360772889 0
561042203 1
561042204 215
42423070 0
222024487 0
42455867 65
42423101 34
3946500927 0
3946500929 0
42423116 129
42455887 32
597414736 0
597414738 0
4115878744 41
42455897 76
559862621 0
42455915 26
42849138 0
42455929 0
42455931 10
42455932 30
42455934 43
1538237248 36
597414788 0
597414789 0
597414802 0
597414803 0
42455963 77
597414813 0
42423203 133
42423206 3
597414825 0
597414826 0
103863232 0
103863234 0
103863241 0
4217721804 0
4217721808 0
4217721811 0
4217721814 0
42849240 0
4217721818 0
4217721820 0
42849245 0
4217721822 0
4217721825 0
42431490 55
4217721827 0
4217721829 0
4217721831 0
42456041 61
4217721837 0
4217721840 0
42456049 223
4217721842 0
4217721844 0
4217721846 0
4217721848 0
4217721851 0
42456060 94
4217721854 0
42423295 33
4217721857 0
42456066 51
246862852 1
4217721864 0
4217721866 0
42456076 74
4217721871 0
4217721874 0
42456084 334
4217721878 0
4217721881 0
42456091 75
4217721884 0
4217721887 0
4217721890 0
42423331 12
42456101 52
4217721896 0
42456107 34
596366381 0
42456110 44
42456115 382
42456162 68
42825916 0
42488944 0
103863417 0
2141026495 38
42456197 32
103863432 0
42423456 126
2963821760 0
42521803 0
42825933 0
3847026390 1
4398994649 0
42456297 33
42456303 23
42423549 21
42456331 82
42423564 96
42423565 13
3884569924 0
3884569931 138
42427278 21
42521949 0
42849630 0
42521956 0
42849642 0
103241068 0
42432744 25
42849658 0
42849669 0
42849703 0
42456492 16
42849714 0
579655095 0
42432756 33
42849730 0
103863750 0
42423752 5
42825975 0
42849740 0
42849745 0
42849749 0
42849753 0
42456543 64
427840998 47
4290991591 0
42456555 78
42456568 58
42456575 12
42456578 0
42456598 0
42456611 67
427841062 0
427841071 13
427841073 0
103883702 0
42423885 191
42456683 37
42456708 9
42456711 34
977458841 0
42718876 0
752178858 0
42476487 0
3778729670 0
42432802 49
42424025 0
42424032 34
1332762348 0
42424089 530
42424098 253
42424109 108
42456888 0
1332860731 40
3686061906 1
3686061913 0
3686061914 125
3686061920 0
3686061922 0
42438291 7
300570488 0
300570489 0
103110531 0
42454679 43
42817428 0
42456986 24
42882973 0
42882974 0
42882975 0
42882977 0
42817446 0
42882983 0
42882987 0
479156141 0
42882996 0
297097141 0
42882999 0
297097144 0
42883002 0
42817469 0
42883008 0
42424258 0
42883012 0
42489803 0
42883022 0
42883028 0
42883064 0
42489860 0
42424334 0
42883096 0
42424347 0
42883101 0
42424354 1
42915899 0
42424382 0
42424408 71
246874388 24
42424427 63
42424439 88
42457209 2
2472695933 0
103864489 0
295229623 0
529062089 0
247224529 0
103209178 0
42457311 72
42457319 26
42817771 0
42457325 3
597711097 0
432756990 0
42421974 34
103864595 0
103864601 0
103864602 0
103864606 0
42424609 0
298604834 0
1761401124 12
298604839 0
42424619 62
42424672 53
103864694 0
103864695 0
598268281 0
42424703 51
42457476 33
296933778 0
296933779 0
296933786 0
2340960668 0
103864749 0
103864751 0
42424789 113
42436326 32
103864793 0
298605029 0
3009534450 0
3009534454 0
3009534455 0
3009534459 1
42487552 0
3009534469 0
3009534470 27
3009534472 2
42424851 46
427842070 5
42424864 64
42719790 0
598202928 0
42719798 0
42457660 0
42818110 0
42818120 0
42422028 148
1993136714 0
103144019 0
1993136726 0
1241864793 0
42424937 0
42457728 10
42818182 0
42457735 4
42449005 78
42818193 0
42818203 0
42818207 0
42818209 0
103872966 0
247224999 1
1733614298 21
42457821 78
100522728 109
3783088880 6
100522741 3
42432980 29
103865124 0
42425127 30
246648627 17
4347733129 94
390519635 80
42425232 74
595786222 0
42818471 0
42818480 0
42752947 0
42818487 0
3928841144 2
42818490 0
42752956 0
42752959 0
42752962 0
42752966 0
42818504 0
42818511 0
42818515 0
246861647 0
42818528 0
2512378850 12
3785612259 205
374463462 4
42818542 0
103865337 0
103865342 0
42458112 33
42818563 0
42425348 81
42818567 0
42818573 0
42433027 17
42476718 0
103865370 0
277385050 0
42514949 0
103865376 0
42523684 0
103865393 0
42440290 54
254342115 0
42441382 27
42490968 0
42866924 0
42433046 17
296377496 0
103865533 0
103865535 0
103111874 0
103865542 0
42458313 22
42433058 28
103865552 0
42753240 0
42458333 80
42753246 0
42425570 0
42458342 63
42523893 0
103865593 0
482663674 0
3581500675 0
103865632 0
42449027 17
3248774449 2
103865667 0
42425681 0
42491226 0
42864528 0
595352937 55
278630291 0
42753396 0
42753403 0
42753407 0
42753413 0
103865739 0
42753425 0
42851731 0
42753429 0
42753432 0
42753435 0
1762221470 29
103865766 0
3413663146 0
559865278 0
703585743 0
703585744 0
3656019783 0
2419285518 42
4382842396 1
4382842398 0
103177764 0
402480678 0
4158807591 0
4382842410 12
4158807596 42
42491439 0
4382842416 6
4382842417 1
4382842419 0
4382842420 0
42491450 0
103177788 0
1764626363 5
42458728 26
1490116221 0
103865986 0
42458766 0
42426011 0
42491554 0
42491565 0
42491569 0
205020852 0
42491582 0
42491585 0
1773067972 0
272195270 59
272195271 94
272195272 152
42491599 0
42884818 0
42491613 0
42491625 0
42491627 0
103862226 0
42491632 0
42491638 0
42491641 0
42491642 0
42753795 0
598433545 0
42753809 0
297051441 0
42426172 256
42458943 37
42786626 0
103112569 0
591454081 35
103866250 0
42786700 0
1764424345 80
42459041 0
42786722 0
42455026 28
2947964848 1
103866300 0
596271046 0
42459098 75
42459114 70
103866348 0
42917869 0
42819566 0
42917872 0
42819569 0
42459137 0
42426374 0
295231527 0
42459180 37
701063220 15
370892861 0
42455051 61
2809356357 0
42474150 0
731930706 1
471240718 0
42885345 0
3019038994 1
42885400 0
3019039006 13
3019039007 1
298606882 0
42492196 0
42459436 27
42492210 0
298606926 0
42492239 0
293272292 0
42459493 23
42426747 66
4145439100 0
4145439101 2
4145439102 0
103309701 0
103866758 0
103309709 0
293790120 0
42426799 20
293790139 0
42426816 2
42852816 0
42482424 0
1506599378 55
479715801 0
479715815 0
4382384621 0
42426865 2
103866867 0
2548031991 0
2548031992 0
42492409 0
42492415 0
272196096 34
1740694093 0
370893395 0
299098708 0
42426971 50
3857343069 1
371188320 0
3857343073 9
479715943 0
3857343080 1
103866985 0
529556095 0
42427009 22
42885762 0
103867019 0
103867026 0
2012177085 1
42427086 0
42427112 21
42427115 28
247128812 0
247128814 0
42427122 25
106717940 0
106717941 0
42427126 24
42427128 31
42427133 147
42427136 98
42427139 34
42427143 66
42427146 20
42427150 54
42427152 29
42427156 16
597844758 0
42427159 11
42427164 31
42427168 48
42427867 48
1754817317 0
1754817323 2
42427185 21
42427190 95
42427196 16
597844800 0
42427206 14
42427212 46
42427216 46
103867217 0
246866788 0
246866793 17
246866798 0
246866806 1
246866810 0
42492802 0
246866828 22
246866830 26
42427281 0
246866840 0
42427290 3
42427300 52
42427305 39
42427307 19
42427311 40
42427316 180
42427319 42
42427324 45
42427327 80
42427335 56
42427346 50
42427352 25
293266393 0
42427358 105
3974095843 2
42427369 54
42427371 89
42427374 62
42427381 87
42427386 32
42427390 53
42427393 76
371188750 7
1642095632 0
42427411 18
42427423 92
42427426 59
42427427 62
247227451 0
1545167946 0
42427477 52
42427483 79
42427494 115
103867498 0
42427507 19
60810374 0
3584752496 0
42455238 13
103867568 0
3040306365 6
42722498 0
302245078 0
103867611 0
42820836 0
42820840 0
42433404 0
3817760020 0
3817760021 0
42493206 0
3817760023 0
3817760024 1
3817760025 0
3817760026 0
3817760027 0
3817760029 0
3817760030 0
3817760031 1
3817760032 0
3817760033 58
3817760034 0
3817760035 0
3817760039 0
3817760041 3
3817760043 0
3817760045 70
3817760047 0
42482569 0
302245181 0
302245184 0
42427742 18
42427744 32
42427762 160
42427769 48
2404083070 0
42427780 70
42427786 47
42427787 53
42427797 127
61269400 0
42427972 56
42427805 113
42427812 264
302245287 0
42427817 63
42427821 167
42427824 35
42427828 70
42427844 42
3554502085 0
42427852 51
42427855 20
42427859 84
42427863 30
42493403 0
42427870 83
42427873 34
42427877 12
42427881 50
42427894 2
42427915 159
42427919 0
42427926 0
42427965 176
432760382 0
42427968 269
42427970 254
103867972 0
103867974 0
42427975 34
42427979 47
42427985 66
42427991 125
42427996 33
42428003 113
42428005 124
42428007 129
42428010 85
42428012 51
42428013 50
42428014 60
42428015 41
42428016 46
42428020 74
42428022 40
42428024 37
42428027 42
42428029 41
42428032 32
42428034 37
42428037 52
42428039 37
42428043 29
42428045 35
42446925 112
42428047 49
4216055440 0
42428049 46
42428052 45
42428061 26
42428063 51
42428065 0
42428068 7
42428072 16
103179948 0
42428080 53
42428082 48
42428086 46
42428090 15
42428094 76
42428124 58
2404083427 0
42428134 26
103865549 0
3413665526 0
42815785 0
3413665532 0
42919687 0
42428170 36
42428174 41
42428179 27
42428183 22
42428192 57
42428198 18
42428201 49
42428206 0
42438963 46
42428212 18
42428216 44
42428220 66
42526525 0
42428223 56
3562563394 0
42428227 26
42428232 56
42428234 41
42428239 36
3250349906 0
42428244 0
3250349909 0
42428248 34
42428253 60
42874655 0
42428258 38
42755942 0
4216055441 1
42428264 36
42428268 31
42428272 49
42428277 45
42428283 32
42428287 104
42428291 47
42428294 42
42428297 233
42428300 89
42428303 131
42428305 90
42428307 61
42428308 76
42428310 56
3817760663 0
42428312 58
42428313 45
42428315 69
3817760670 0
3817760672 0
42428321 53
42428328 55
42428329 118
42428332 72
3946506160 0
3946506161 0
42428345 0
103147167 0
60811206 0
42428365 64
42428366 33
42428368 17
42428370 10
42428371 13
42428374 14
42428376 47
42428377 14
42428379 12
42428385 48
2057103332 0
42428391 90
2057103336 0
42428402 52
42428405 55
42428408 18
42428411 67
42428417 43
42428420 44
42477228 0
42428428 60
2057103373 0
42428433 376
42428434 20
42428436 90
42428438 87
42439001 53
42428441 115
42428444 103
42428447 6
42428454 78
42428458 33
42428460 29
42428464 26
1997760561 0
42428468 49
42428471 25
42428473 59
42428476 41
588113982 0
42428480 30
42428483 40
42428489 53
42428491 55
42428493 104
42494033 0
60811360 0
42428527 35
42428529 67
1764747381 0
42494080 0
1764747393 0
4320028807 0
103114888 0
4320028816 0
4320028818 0
42428570 0
4320028830 3
42428575 2
42428579 1
4320028836 0
42428583 0
42428588 7
42428590 0
42428595 82
42428598 1
103868600 0
42428601 1
42433567 39
42428604 0
103868606 0
42428610 0
3971196619 4
42461394 0
42428634 66
3971196623 0
42428637 1
103868638 0
42428640 0
42428643 3
42428645 1
42428648 0
595749100 0
42428653 1
60811504 0
42428657 0
448227573 0
42428663 0
3971196628 3
595749116 0
103868669 0
42428670 0
42428674 0
42428678 0
42428682 0
42428689 0
761293078 10
42428695 1
42428701 0
42428705 0
42428709 0
42428711 0
42428714 0
3402819884 0
3402819885 0
42428720 0
42428723 0
42428725 0
42428728 0
42428737 0
42428742 0
42428746 0
42428751 0
42442584 341
3601295702 3
3601295704 13
103868773 0
103868779 0
42428782 54
387180914 97
387180916 112
279603573 0
3601295737 1
42428799 48
2061592973 44
2321279382 0
3601295768 0
42428833 44
103868842 0
42428844 0
103147955 0
42723765 0
42428863 61
42439073 69
3413665527 0
42428892 151
530475491 0
1258875372 0
1258875373 0
42428919 33
42428922 6
103148029 0
42428926 1
42428928 0
42428931 1
4207143428 0
42428934 0
42428936 1
42428939 3
42428941 2
42428944 0
42920467 0
42428951 0
42428953 2
42428956 1
42428958 0
42428961 0
42428962 1
42428964 0
42428965 0
42428966 2
42428967 0
42428970 0
42428973 1
42428975 0
42428978 4
42428980 55
42428984 46
42428985 34
42428989 40
42442592 106
42428994 34
42428998 45
42429002 32
42429006 58
42429011 0
42429013 1
42429017 134
764734042 0
764734043 0
764734045 0
42429023 75
1258875489 0
42429029 116
588114535 0
42429044 125
1258875532 0
42429072 65
42429083 77
588114597 0
42429094 32
103869101 0
42429104 75
103869105 0
589298803 1
42429109 47
1792535228 0
1286793918 0
1792535233 0
42439323 0
3569749100 0
573401827 0
1934650086 0
42429174 29
2837768960 0
593816329 18
103246603 0
1258875665 0
103246612 0
42429211 27
42429212 19
42429215 128
3809536800 0
42429217 91
42429220 96
42429222 132
3809536808 3
42429226 66
42429228 40
42429231 51
42429242 22
1258875710 0
297462592 0
593816397 36
42450061 31
1258875733 0
2089937767 0
1258875754 0
42494845 0
42429314 29
3976008172 1
598228119 0
42429324 55
42920850 0
42429334 101
42429338 107
42429340 140
42429342 77
42527647 0
42429348 14
3446959013 0
3446959014 0
593816490 0
42920889 0
42920892 0
42429373 72
42429374 84
42429375 48
42429378 25
42494920 0
42429394 77
765357011 1
2029349871 0
246649342 0
42826923 0
42429452 16
588114957 0
42429457 18
588114966 0
42429466 29
597748763 0
588114972 0
42429474 3
588114979 0
305556519 0
3932847282 1
588114994 0
4015418422 28
588115006 0
3932847285 1
42429504 53
42429530 76
42429532 50
42429541 42
598043765 0
42429562 47
42429563 29
598043772 0
598043773 0
598043774 0
598043775 0
598043776 0
42429570 204
598043780 0
598043781 0
598043782 0
598043783 0
488264215 0
598043788 0
598043790 0
598043791 0
598043792 0
598043793 0
598043800 0
588115098 0
598043811 0
3645158801 0
205024444 0
588115139 0
42429636 20
42429637 51
2089938123 0
42429645 1
42439203 84
42429652 46
42429657 84
42429659 116
42429661 65
42429662 62
42429663 56
42429664 48
42429666 72
42429680 27
42429682 30
42429685 0
42429688 33
42429690 48
42429693 82
42429694 77
103869696 0
103869698 0
103869700 0
42429704 19
103214357 0
42429718 12
42429727 28
42429744 116
2091642163 0
588115253 0
42429752 0
42429754 290
42429756 0
298806591 0
42429761 0
42429762 222
103214403 0
103214404 0
42429766 5
588115271 0
42429769 158
42429773 279
42429782 132
588115290 0
2715512169 0
42429806 75
42429812 68
42429825 38
482536836 0
42429830 17
42429832 12
42855824 0
2057103256 0
42429844 26
42724759 0
4217721868 0
1544809885 75
1544809891 0
42442621 34
42888621 0
42429874 60
42429876 54
42888633 0
42429888 65
3686034882 0
42429896 49
42429900 89
42888656 0
3567807957 4
42888664 0
42429918 91
42888672 0
4019305723 0
103869949 0
2457398797 0
42429970 35
42429971 36
42429974 59
42429976 64
42429980 129
42429981 291
42429986 112
42455643 189
103116324 0
293301804 0
42429998 68
42429999 19
42430004 49
42430007 36
42430030 85
42430034 78
42430038 71
42430041 130
42430044 39
2969267808 0
42430050 20
42430052 35
42430056 0
42430060 37
42430063 49
42430068 84
42430075 57
2025165419 0
42430115 68
42430118 36
42430122 43
248606379 0
42430126 78
42728734 0
42430138 35
42430143 149
42430147 13
42430154 5
42430160 18
42430164 28
4320194261 20
42430167 42
4320194264 0
4320194265 5
2693557987 0
2832297701 0
2832297702 0
2693557993 0
42430187 14
42430205 17
42430217 56
42430231 118
42430233 30
42430235 75
42430237 88
42430241 69
42430247 58
42430249 107
42430253 261
42430255 54
42430257 70
42430259 78
42528566 0
42430263 114
42430265 163
42430269 104
42430271 270
42430274 123
42430277 133
42430279 132
42430282 149
42430288 117
42430292 137
42430295 152
62915509 105
42430298 79
42430304 187
42430308 120
103280486 0
42430311 141
42430314 160
42430317 127
42430320 160
42430324 127
42430329 77
103870331 0
42430333 333
3827330944 0
42430338 120
42430342 146
42430344 163
42430347 109
42430350 136
42430352 133
42430356 135
42430358 123
42430361 145
42430363 131
42430367 176
42430371 152
103870373 0
1775267750 0
42430375 124
103870377 0
42430378 149
103870382 0
42430384 295
42430390 124
103870392 0
42430394 189
42725324 0
42725346 0
62915514 132
103247861 0
42430474 31
42430477 1
42430479 54
42430482 44
42430485 75
42430488 71
42463272 0
42428425 48
3718672443 86
371337226 31
42430529 0
371337227 1
42430535 7
2481877067 314
42856527 0
42430550 38
42856537 0
42856541 0
42856544 0
42856546 0
42856551 0
42430571 0
42856556 0
42856560 0
42856563 0
42856566 0
42856569 0
42856571 0
42430589 0
42430594 35
42463363 0
42430597 64
42430600 35
42463370 0
42430603 38
42856588 0
42463374 0
42430607 77
293302419 0
293302420 0
42430629 45
42430633 172
42430639 20
42430643 56
42430646 45
42430651 66
42856636 0
42430664 390
1280340170 132
42856651 0
42430669 123
42430673 321
42430677 106
42430680 91
42856667 0
42430685 99
42430688 84
42856675 0
42430694 89
42856679 0
42430698 78
42823917 0
42430704 52
42430707 73
42823926 0
42430713 57
42823931 0
42823933 0
42823936 0
42823938 0
42823940 0
42823944 0
370897167 0
42430736 43
42430739 60
42430742 52
42430745 155
42430747 33
42430749 45
2521229360 0
42430761 89
42430782 66
42430791 20
42430803 39
42430805 61
42430811 40
42430813 28
42430818 17
246649574 0
42430824 45
246649575 0
42430828 69
42430848 12
42430857 35
42430861 27
1770713491 0
42430872 19
42824096 0
3015668131 0
42430886 48
42463657 0
42824112 0
42430898 77
42824118 0
42430903 75
42824124 0
42824130 0
42725827 0
42824136 0
42430924 33
42824141 0
42824147 0
42824149 0
42824152 0
42430938 30
42430942 45
42824162 0
42824167 0
42824169 0
597783018 0
42824172 0
42496494 0
42758639 0
42824176 0
42758642 0
42824181 0
42758654 0
42430983 61
42430984 54
42430985 38
42430989 79
3015668241 0
597783063 0
42431000 71
42431002 51
42431004 77
42431005 21
597783071 0
42431008 37
42431009 23
42431015 29
42431019 85
42431024 23
42431027 20
42431030 18
42431034 31
42431037 37
42431039 19
42431044 24
42431057 17
42431067 17
42431078 17
42431089 30
42431094 32
42431096 37
596669050 0
42431099 133
42431102 29
42431104 16
42431106 18
42431107 48
42431108 18
103215751 0
42431113 15
42431116 12
42431118 9
42431121 7
561042201 62
3099327940 4
301497801 0
42431165 45
42431168 89
42463947 0
42824399 0
42431187 125
42431193 5
589099740 29
42431200 22
61275600 105
301298404 0
42431210 66
301497811 0
293303035 0
42431230 17
61275605 100
42431234 16
42431242 51
42496779 0
42431252 68
293303062 0
3099327961 7
42431257 149
42496795 0
42431260 237
4024169245 0
3874681643 0
3874681652 0
248708582 0
589099881 9
248708583 0
246862616 16
294417263 0
42477588 0
298939300 0
61272997 41
61273004 170
42431413 0
3778245561 0
42464200 0
42431447 32
3891950553 1
3891950555 0
42431452 66
42431453 27
42431459 40
42431464 43
42431470 44
42464239 0
297890807 0
297890813 0
297890818 0
42431491 12
42431497 35
42450434 64
42431503 57
42431519 47
42464292 0
42431528 20
42431544 116
42431549 66
42431556 168
42431560 70
3942249545 15
42431563 76
3377460312 0
3377460323 0
42529893 0
276299284 0
42431611 76
42431614 45
42431617 63
42431626 149
254342293 0
42431643 16
42431649 37
3377460386 0
530805923 0
42431652 33
297890981 0
42431654 50
42898289 0
42431656 60
42431659 104
42431661 88
42434077 33
746124464 0
1205715001 3
42431671 28
42431674 23
42431677 0
42431678 39
42431680 58
42431681 72
42431684 57
42890450 0
373880031 0
297891076 0
1241183499 0
3785702959 0
42431773 54
42434098 140
42431793 155
42431802 60
42431804 51
42431805 28
596775819 17
42431812 17
42431814 25
3817756012 0
3778313786 0
42431844 28
298775916 0
42464631 0
42431868 69
42431877 31
42431889 21
42464662 0
42431898 140
2357946608 0
42428661 0
1283225030 0
1772058063 8
1772058064 0
42461438 0
42431992 31
42432000 11
42825232 0
42497588 0
42432054 11
42464823 0
42464824 0
42432057 59
42464827 0
42432060 45
42497598 0
42464832 0
42432066 68
42464836 0
42464838 0
42432071 20
42530376 0
42432073 6
42432075 58
42464844 0
42432078 31
42464848 0
42432083 52
42432085 66
2063038040 0
42825307 0
42432097 15
42432099 53
42432105 46
42432108 37
42497646 0
42432111 10
42432127 10
42432135 27
597325451 0
42432142 123
42442697 33
42432148 41
42432152 58
42497691 0
42432156 39
694854464 0
42432161 41
3099326116 11
3099326117 56
3099326118 2
3099326119 5
3099326120 3
3099326121 53
3099326122 46
3099326124 8
42432174 31
3099326127 7
3099326128 31
42432178 27
1283225267 3
42432181 28
4217721801 0
42432184 2
42497721 0
42497727 0
42432194 24
42432199 16
42497737 0
42464975 0
42432208 38
3831856760 1
42432214 40
596776057 57
3847026392 1
42432223 0
42432226 7
42432228 7
3831856764 0
42923756 0
42497777 0
42432244 145
42432246 223
42432250 76
42923772 0
3554932481 0
42428716 0
4217721816 0
42497813 0
2631530266 0
42497821 0
42497826 0
42497832 0
42432302 53
42497840 0
42432305 24
42465076 0
42465078 0
1918039864 3
42465082 0
599062332 0
1918039869 0
42497854 0
42497855 0
42497859 0
1918039877 179
42825542 0
1918039880 16
42825546 0
42825551 0
42497875 0
42825558 0
1918039896 27
1918039897 138
1918039898 72
1918039901 66
1918039904 357
42497892 0
42497899 0
4217721833 0
276035449 0
2499803009 0
42727302 0
42432395 0
3308681112 0
3308681118 0
42432436 45
42432438 49
42432444 62
42432451 104
2402842564 0
2402842565 0
2402842566 0
2402842567 0
42432458 21
42465230 0
2402842575 0
42432464 85
42465233 0
42465234 0
103872499 0
42727425 0
3377461261 0
42465294 0
42428760 0
4217721860 0
42465312 0
3377461282 1
103872547 0
42432556 32
42432558 58
42432564 61
42432572 14
42432580 174
42432585 156
42793036 0
42432589 130
42432594 115
42793045 0
42432598 74
42434233 26
42793048 0
42432605 0
103857853 0
2842884211 0
4217721876 0
2404084075 0
42825865 0
2842884234 0
42825868 0
42432659 172
42825879 0
42432665 34
293337242 0
293337245 0
42825887 0
293337253 0
42825901 0
42825906 0
42432693 145
293337270 0
42825913 0
42432700 181
42432703 129
2141026496 61
42432706 133
2141026502 38
2141026503 291
2141026509 27
2141026514 5
2141026516 41
2141026518 184
2141026521 35
2141026522 2
42434255 110
276297950 0
4217721893 0
42432736 9
42432737 23
2141026532 208
387184869 60
2141026536 47
2141026548 22
2141026551 149
42825989 0
42432785 0
1289222420 13
42432789 78
293337366 0
42826008 0
42432795 43
103872796 0
42432799 55
42826016 0
2504882466 1
42826023 0
293337390 0
42432818 267
103872820 0
42434270 62
103872823 0
42432825 179
42826042 0
42826048 0
3778345281 0
42432834 240
42826053 0
3778345287 0
2504882506 20
2238282059 0
42432847 139
42826064 0
2238282070 0
42432856 0
298809690 0
42432861 371
42432871 51
596775998 0
42465657 0
42465660 0
42465661 0
42465664 0
1575123339 0
3250354584 0
42432928 75
42432929 276
42432961 63
42432963 109
42432966 10
42432967 21
42432970 15
42432974 12
42432975 22
595655123 3
595655124 3
42432983 9
42432985 77
42432990 22
42432992 23
42432994 16
4273797604 0
42432999 28
595786219 0
1754823149 0
2238282222 0
2238282226 0
42433014 19
42433020 22
42433024 15
2238282243 0
42433030 4
42433035 7
42433041 0
42433043 14
42433044 27
2140994070 0
595786268 0
297466397 0
595786271 0
42433057 15
595786274 0
2238282275 0
42433060 40
42433062 48
2238282279 0
42433064 34
42433066 63
42433068 45
42433069 27
42433072 34
42433075 26
42433077 30
42433080 26
42465849 0
42465852 0
42465857 0
3584752195 4
3584752198 0
3584752200 0
42433097 26
3584752205 0
42531407 0
3584752208 0
42433107 19
3584752212 0
3584752215 13
42433115 28
3584752226 0
3584752231 9
3584752242 0
42833001 0
42433151 39
2883385992 0
3584752265 11
1764424330 0
2238282383 0
3584752273 0
2238282386 0
3584752276 7
42793624 0
3584752281 0
2238282394 0
3584752292 0
302257265 0
596776052 58
42478027 0
42442733 71
42433229 51
42833017 0
42433252 21
293272293 0
42433272 12
42433281 11
1775270664 1
100662028 0
100662030 5
42433298 10
100662035 0
42433302 28
1996323624 148
42434354 32
42761006 0
42433339 27
302257290 0
2355624814 0
2355624816 0
3584752497 0
3584752508 18
3584752515 0
3584752516 1
3584752520 1
3584752522 1
3584752526 12
42466196 0
2059303830 0
4379966360 0
4379966362 0
4379966363 0
2355624862 0
4379966379 0
4379966380 0
3772840882 26
2059303879 0
42439842 115
103873489 0
4207143418 0
596776103 30
4207143421 40
42433537 40
42466306 0
42433539 63
42433542 67
103185415 0
42433545 1
42433547 56
42433550 41
42433551 47
42433554 36
2919234579 0
593886228 6
42433561 3
42433564 34
42433565 71
301497375 0
42433569 15
42433573 101
42433574 15
42433577 20
301497387 0
42433587 10
42439861 143
42499136 0
42433604 138
2059304008 0
42433611 127
42433620 167
42826837 0
42433625 133
42826843 0
42433644 104
42826864 0
42428947 1
42826868 0
42466423 0
42826872 0
42826878 0
416480385 10
42826882 0
42466438 0
42826887 0
42826890 0
2059304076 0
42826898 0
42920473 0
1740700830 0
302257351 0
42826926 0
42826930 0
3932847284 0
1807940789 0
3932847293 0
42871329 0
247073284 0
42433743 133
1241742563 51
42434428 69
42433779 10
61275380 0
42433800 8
4304633107 0
3884612885 0
42433822 23
1241742627 157
4191917276 1
103873839 0
1258875444 0
2047573317 0
596776163 24
276299101 0
103873891 0
42433901 0
764738926 12
588152176 0
588152191 0
2034007426 0
588152199 0
42478146 0
597294481 0
597294482 0
597294483 0
1241742743 38
597294501 0
276299179 0
3099327930 56
3099327931 3
2295070142 0
301497795 0
301497796 0
301497799 0
3099327944 45
3099327945 8
301497803 0
3099327948 57
3099327950 34
3099327951 6
3099327952 155
61275601 1
301497810 0
3099327955 137
3099327957 2
597294550 0
301497815 0
301497817 0
3099327962 31
3099327964 31
3099327965 48
3099327966 36
3099327968 1
3099327970 54
3099327972 78
3099327974 19
3099327975 74
3099327976 12
1692433907 10
1692433928 49
1692433932 50
1692433935 92
1692433940 42
1692433941 16
276299287 0
42434072 89
42434074 44
42478170 0
42434085 41
42434087 80
42434090 126
42434092 23
308641326 0
308641330 0
308641333 0
42434105 74
308641338 0
42434110 37
42825919 0
308641345 0
3778313813 0
588152411 0
42434140 76
42434142 82
42434145 45
42434148 31
4216045844 3
42434156 28
42434158 56
42434160 46
42434161 25
42919588 0
42434165 12
42434166 18
3831856759 137
42434168 0
42434169 15
3831856762 0
3831856763 0
42434172 56
42434175 65
42827392 0
42729089 0
42434179 59
42434196 4
42434201 79
42434205 48
42434215 27
451051181 0
42434226 41
42435516 79
588114548 0
3485078815 0
42439968 121
42434246 24
42434249 162
42467018 0
42434251 87
42424218 0
42467023 0
42467024 0
42434259 63
42434262 101
42434264 31
42434268 54
42467038 0
42434271 79
42434279 49
103874283 0
42434285 45
42434306 4
42434308 33
42499854 0
42434338 8
42434340 39
42434343 40
42434352 58
593854257 0
42893106 0
42434355 26
42434357 32
42434358 21
42434360 13
42434361 46
593854267 0
42434377 24
42434382 31
42434384 63
42434385 60
42434386 60
42434389 49
42434412 19
301498234 0
42434427 129
1209761660 1
42434429 102
301498239 0
42434434 165
301498245 0
42434439 277
301498248 0
298286988 0
301498253 0
42499982 0
301498258 0
42729363 0
1533280148 0
301498263 0
42440004 79
301498266 0
301498277 0
301498281 0
42434481 0
301498297 0
301498307 0
301498311 0
42500041 0
301498314 0
42500046 0
301498327 0
4161568740 0
4161568744 0
2524315626 0
2524315630 0
374472690 0
42860531 0
373882872 0
