373915670 0
1773076509 0
1773076511 1
1773076514 27
42827811 0
42860580 0
42827817 0
42860586 0
42860591 0
482541616 0
42860595 0
42860603 0
42827843 0
2302476358 0
302743630 0
302743633 0
302743637 0
302743638 0
302743640 0
42467417 0
302743643 0
302743645 0
302743647 0
302743653 0
373882982 0
42467431 0
302743657 0
302743661 0
1828749423 0
1828749425 0
302743666 0
302743667 0
302743668 0
301498486 0
301498490 0
302743677 0
302743678 0
302743679 0
302743682 0
302743686 0
302743689 0
302743694 0
42818131 0
301498515 0
301498516 0
301498517 0
301498522 0
301498523 0
301498528 0
42467507 0
42762422 0
42762425 0
60915901 0
293830851 0
293830854 0
42423674 1
301498592 0
301498594 0
301498596 0
301498606 0
42795247 0
301498608 0
103186674 0
301498614 0
42434807 7
103186680 0
42434810 2
2539225339 0
42434821 7
298287370 0
301498640 0
301498641 0
246874386 0
246874387 0
301498644 0
301498645 0
42434845 2
596776325 0
301498660 0
301498662 0
301498664 0
1773076778 0
42434871 0
42926395 0
42926398 0
42926409 0
42434894 0
42434895 2
42434898 0
301498711 0
42434904 0
42434905 1
301498714 0
301498715 0
42434910 0
42434912 0
761594218 0
42434935 0
2262434175 0
42434946 7
42434948 0
3248816517 0
42434951 1
42434954 1
246579597 1
42434959 6
42434962 1
42434965 4
246579608 0
42434969 0
42434974 4
479166879 0
597328292 0
42434989 1
42833309 0
42434992 1
598622281 0
4332700771 0
486867405 3
1544596217 0
3248816608 0
598622289 0
486867432 7
598622290 0
451052015 0
42467839 0
42467842 0
486867459 1
3248816651 0
302743641 0
103121435 0
486867490 6
246579751 0
246579753 0
486867513 0
2664563266 0
246874701 0
246874702 0
294093394 0
294093397 0
294093402 0
4207313499 0
486867548 2
4207313503 0
4207313504 0
370705004 0
103154290 0
294093431 0
294093434 0
294093435 0
42435198 1
42533517 0
294093454 0
42730127 0
294093456 0
294093457 0
294093459 0
294093460 0
42435222 2
294093463 0
294093464 0
294093466 0
294093467 0
294093470 0
42435231 0
294093473 0
42435234 0
294093476 0
294093477 0
294093479 0
294093481 0
294093483 0
294093484 0
1828749426 0
294093487 0
294093488 0
42435250 0
1828749427 0
42435253 0
42435257 0
42435261 3
42435264 1
42435265 0
42435266 1
42435269 0
3809536801 0
42435272 1
42435275 2
42435283 1
3809536804 0
42435295 2
42435301 1
42435308 0
42435310 0
42435312 2
42435316 0
42435317 0
2462253814 0
42435319 0
42435323 0
2709968341 0
42435328 0
42435331 1
42435333 0
42435335 1
42435336 0
42435337 1
42435341 2
42435343 1
42435346 0
3927578073 0
42435359 1
42435392 1
588546882 0
42435395 0
42435396 0
42435398 5
42435400 0
588546891 0
3008856911 0
3008856913 0
246580055 0
42435420 4
42435422 10
3008856931 0
3008856932 0
1927807845 0
246580071 0
42435448 2
42763131 0
42435456 2
297042819 0
42435470 1
42435472 3
42926995 0
42435477 2
42927001 0
42435491 1
42435497 1
42435499 1
42435504 0
42435509 2
42435514 1
62915516 3
42435518 2
62915521 2
42435522 0
62915525 2
42435534 1
62915536 2
1112485703 0
42435578 0
42435581 1
42435596 5
42435598 2
42435599 2
42435603 1
42435610 3
42435618 1
42435624 7
42435629 2
42435632 2
42435633 3
42435642 16
42435644 8
42435645 2
42435646 0
42435650 1
42435654 2
42435657 5
42435660 5
246580301 0
42435663 16
42435668 7
42435671 6
42435675 8
42435677 9
42435680 6
42435684 4
42435687 4
246580334 0
42435702 0
42435705 4
246580346 0
42435707 5
42435710 2
42435714 11
42435716 1
3325564441 0
42435736 3
3008857241 0
3008857243 0
302257690 0
3008857246 0
42534052 0
486868138 0
103875777 0
42501318 0
42435803 5
42435805 6
4288677093 20
246580466 1
2295039220 0
42435844 3
1577583880 0
42435850 0
42435852 2
705234189 0
42435856 2
42435860 1
42435861 2
42435863 0
42435865 1
103875869 0
3778381087 0
42435873 0
42435876 0
42435881 0
42435885 1
42435891 3
42435894 1
42435898 0
42736336 0
1506902240 0
42435916 0
3104245072 1
42435921 0
42435922 0
42435931 0
42435943 3
247072104 0
42429330 0
42435957 2
42468744 0
225183118 0
42796436 0
301498607 0
42434800 4
42796462 0
349242804 0
42436024 0
592643522 0
592643538 0
4216045817 0
42436056 2
42436060 0
42436064 1
42436083 3
1773078006 7
42436088 1
42731002 0
246580736 0
42436097 0
42731010 0
42833494 0
42436109 4
42731023 0
246580758 4
42731033 0
2711029280 7
42436129 1
42436134 1
42833501 0
42436149 0
42436152 1
246580797 0
589928034 4
42436181 0
746718807 0
42436187 2
42833510 0
302257767 0
247120148 0
589928042 0
3827336858 0
3827336862 0
3827336868 0
3827336883 0
42436285 0
42436288 0
42436293 1
42436308 0
42436316 0
274335455 0
42436322 0
42862310 0
3827599085 0
42436335 3
42436336 2
42436340 0
246580982 0
42436353 0
42436355 0
42436359 0
42436364 1
42436369 1
42436371 2
42436374 1
42436377 0
42436381 0
42436384 1
42436390 0
42436393 5
42436396 0
42436400 1
42436404 1
42436407 1
42436411 1
42436423 2
42436427 0
42436431 2
42436439 2
225183576 0
42469212 0
42469214 0
2411399009 0
42436475 0
42436477 0
42436481 0
42436484 1
42436486 0
486868873 0
42436492 1
2025097111 0
42436510 1
42436511 0
42436514 0
42436516 1
595462053 0
42436519 4
42436527 6
42436531 5
42796983 0
42436537 0
42436539 1
42436541 0
42436544 0
42436546 0
42436549 1
42436551 3
42469320 0
42436556 0
42895311 0
2075592658 0
301498702 0
42436567 0
301498703 0
42436575 0
247072736 0
247072737 0
42436578 1
277481443 0
42436582 0
42436586 2
42436590 2
42436598 0
42436604 1
42436610 2
42469382 0
42436619 1
42469391 0
42436624 0
42436627 0
42436630 0
301498713 0
42469400 0
42436637 0
598050847 0
42436640 1
42436641 0
42436644 1
42436647 0
42436651 2
42436653 2
103254094 0
42436700 1
42436701 3
42436703 0
42436705 5
42436707 4
42436710 8
588114961 0
42436714 5
42436719 0
42469489 0
42436726 0
103876732 0
371239958 0
42436746 3
42436748 5
42436751 3
42436753 7
42436754 1
42436756 0
42895509 0
597748762 0
42436770 1
42436779 1
42436784 0
42436788 0
42866377 0
42436793 0
42436806 2
42436807 0
42436812 0
3778729677 0
477530321 0
3786901732 4
42469606 0
42469607 0
3786901739 0
42469612 0
42469614 0
3786901747 0
103876853 0
42502404 0
42469640 0
42469645 0
4234578190 0
298289423 0
4234578192 0
4234578193 0
4234578194 0
42469651 0
2072447252 0
277481749 0
298289432 0
42469657 0
42436894 1
486869282 0
42436903 1
42436911 0
42436913 1
42436914 0
42436917 0
42436919 1
42436921 3
42436922 3
3278932287 0
3278932288 0
3278932289 0
3278932290 0
42764615 0
2351532363 0
42436941 1
42436942 2
2351532367 0
42436944 2
2351532369 0
42436947 0
2351532373 0
3278932311 0
3278932312 0
3278932313 0
42436957 2
2810120555 0
2140997998 0
2810120567 0
42436985 0
42436990 2
103115840 0
225184141 0
42926489 0
42437018 3
42437021 5
297109922 0
297109923 0
297109925 0
297109926 0
297109928 0
297109930 0
247073198 1
247073199 0
42437050 0
42437052 0
42437058 0
42437067 1
42437074 3
370870741 0
42437078 2
42437082 1
42437084 13
1506445797 0
42437108 4
42437109 1
42437113 5
42437114 11
42437118 0
42437124 3
247073285 0
42437128 0
246909454 0
42437135 0
42502674 0
297110049 0
4448520738 0
246876728 0
42437177 0
246876730 0
297110078 0
42437188 5
42437204 0
4012935769 0
42437222 0
103877239 0
42437280 2
42437283 1
42437287 2
42437289 0
42437300 0
42437305 1
42437312 0
42470082 0
42437319 0
752650952 0
42437324 1
42437326 1
3248816589 0
42437333 3
42437339 1
276204253 0
42437343 1
42437346 0
42437349 3
42437358 9
42429565 0
42437363 7
42437368 9
42437371 7
598054698 0
42437379 0
247073541 0
42502920 0
42437396 1
294062870 0
42437401 0
294062882 0
276204325 0
294062892 0
294062893 0
42437423 0
294062896 0
42437425 0
294062898 0
294062899 0
42437428 0
294062902 0
294062903 0
294062904 0
42437433 2
294062906 0
294062907 0
42437436 0
294062910 0
294062911 0
42437445 1
294062920 0
294062921 0
42437451 1
294062924 0
294062925 0
276204366 0
42437465 0
42437472 0
42437481 0
276204398 0
60918686 4
42437536 1
765889458 0
486869939 12
42437559 1
42437564 3
42470343 0
42470346 0
42437580 7
2034011088 0
42470354 0
297929685 0
3919350742 0
3919350743 0
42470360 0
3919350745 0
3919350751 0
3919350754 0
42437605 6
3919350758 0
42437608 0
3919350761 1
3919350763 0
42437612 0
42437613 0
42470385 0
42437618 0
42470387 0
42437626 8
42437644 7
3248816643 0
42437654 22
42437663 3
3325791265 0
42437670 8
106138663 0
42437678 0
42437686 1
42437688 3
42437693 3
42437699 1
2792787013 0
42440545 3
3569749093 0
3569749094 0
3569749095 0
3569749097 0
3569749098 0
3569749099 0
294095980 0
294095981 0
294095982 0
3569749103 6
246647920 1
3569749105 0
3569749106 0
3569749107 0
3569749108 0
42437749 0
3569749110 0
3569749111 0
3569749112 0
42437753 1
42437755 2
42437757 0
3569749119 0
42437760 2
3029929089 0
3569749122 0
42437763 0
3569749125 0
3569749126 0
3569749127 0
3569749129 0
42437770 2
42437773 1
42437775 0
3029929106 0
3029929108 0
3569749141 0
3029929110 0
3569749143 0
3029929112 0
3569749145 0
42437786 0
42732710 0
103877800 0
300570483 0
294096056 0
42429643 2
42437830 0
42437845 2
4235734224 0
42437874 0
42437881 1
246648063 0
42437890 6
42437909 4
42437914 6
42437917 0
42437918 0
42437921 1
42437923 0
593300772 0
42732842 0
42437932 0
42732852 0
3096612154 0
42437949 2
598248774 0
42437959 7
42437962 0
42437965 0
42437967 2
42437972 1
42437980 1
42437988 0
42437990 0
598248807 0
42437992 2
42437996 4
481201523 0
765365624 0
42732922 0
3096612222 0
42438018 0
42438024 1
42896784 0
3096612242 0
4011396500 0
4011396502 0
42438043 0
42896796 0
42438045 1
42438052 0
481201577 0
42896812 0
3224210865 0
42732983 0
42424225 1
593300940 0
3096612301 0
598043896 0
42825882 0
103222764 0
4011396596 0
103214336 0
42438155 0
42896918 0
3096612379 0
42438174 1
4207313500 1
42438186 1
42438189 0
42438199 0
246877761 0
246877762 0
1825803850 0
42438228 0
42438235 0
42438236 0
42438240 1
295013992 0
42883005 0
42438257 1
4332457588 0
42438275 1
103878277 0
42438281 0
103878291 0
42438292 0
42438295 2
42438297 0
42471076 0
294093426 0
42883019 0
103878349 0
42438362 0
1691389661 0
4209410683 0
42471180 0
42503949 0
42471183 0
42503956 0
42471197 0
42471201 0
247074607 3
246648626 0
42429747 1
296856884 0
42438463 0
42438476 2
471240527 0
42438485 0
42438487 0
42504024 0
42438490 0
42897243 0
588115258 0
42504031 0
42471265 0
42438498 0
42438503 1
42438506 0
42438509 1
42438513 0
3573482131 0
42504053 0
42438531 3
278630279 0
42438544 2
42438547 7
103878555 0
3846772721 0
42864553 0
3833447070 0
294093471 0
1764626366 1
3778744257 0
588115277 0
103878609 0
103878611 0
278630368 0
247074801 0
246878196 1
103190527 0
1504153604 2
752619534 0
42438672 2
42438674 0
1504153626 0
60919842 0
294093490 0
42438704 11
42438707 3
42504249 0
42504253 0
42799170 0
246878283 0
246878284 0
42438774 0
42438784 1
42438785 0
42864770 0
42438788 0
42438791 0
42438795 0
42864781 0
42438798 1
42438800 0
42438802 2
42438805 1
42438809 1
42438836 1
42438839 1
476025020 0
3630436544 0
42438859 1
42438862 0
1728266957 0
42438881 3
42438886 2
42451665 0
42438889 9
42438891 7
42438894 1
42733813 0
42438908 1
42438923 0
42438928 0
295276818 0
42471710 0
42438949 0
42471719 0
42438953 1
42471722 0
3204944172 0
42471726 0
42438961 0
42471731 0
42471733 0
42438971 0
42438973 1
1852281160 0
42471754 0
42471764 0
293802329 0
42439006 1
1544809872 3
42471779 0
42471785 0
42471787 0
42439025 3
1952059776 0
498897281 0
42439042 3
106074504 0
588546798 0
42439070 1
451019504 0
42439096 2
42439099 0
42440785 0
3976008171 0
2862420460 0
3976008173 1
3976008174 0
3976008176 0
3976008177 0
3976008178 0
278630910 0
246649343 2
246649344 0
246649345 1
42439170 2
42439178 2
42439181 4
42439191 0
3874689569 0
3874689571 0
42439207 0
42439210 1
3874689580 0
42439213 0
42439225 0
765596218 0
449581627 0
42439228 0
42439236 0
42832453 0
42439243 0
42439249 0
246649427 0
246649429 0
2025165403 0
1731564125 0
2025165409 0
2025165414 0
2025165415 0
42439272 2
2025165417 0
42439275 2
2025165421 0
2025165422 0
42439280 5
42439286 6
42461484 0
42439295 4
42832512 0
42429890 2
42832531 0
3477246612 0
246878874 0
246878875 0
246878876 0
42799780 0
42439345 1
103223998 0
42734286 0
103125713 0
42439389 1
42439392 0
246649570 0
42439395 0
2509345510 0
42439399 0
42734314 0
42439403 0
42439406 5
3639382767 0
42439409 0
42439416 0
370880729 0
761860869 0
42439440 17
596788016 0
42439464 2
42439488 1
42439490 2
42439497 0
627905367 0
42898265 0
42439527 1
42439530 0
42439533 0
308679535 0
42439537 2
103093107 0
596775808 0
42439553 1
42439556 1
42439557 0
42439559 0
42439561 1
42439563 0
42439567 3
596775825 0
42439580 0
596775840 1
42439588 0
596775851 0
596775852 0
596775855 0
596775856 0
42439601 0
596775867 0
596775870 0
293344192 0
76464971 0
596775876 0
596775882 0
274699215 0
3341915089 0
3341915090 0
3341915091 0
596775892 1
596775900 0
596775907 0
596775914 0
596775919 0
42439673 0
596775930 1
596775935 0
596775941 3
596775946 2
596775951 2
596775963 0
596775973 0
3008856924 0
596775979 2
596775985 0
764744759 0
103093310 0
103879746 0
302257223 0
596776009 0
596776017 0
42832979 0
596776021 0
42832982 0
42832985 0
596776027 0
42832988 0
42832991 0
596776032 3
42832996 0
42832999 0
596776041 1
42833005 0
596776046 0
42833009 0
42833012 0
471241849 0
596776063 0
103879816 0
596776074 1
103879819 0
103879821 0
596776078 0
42439823 12
42439826 2
596776083 0
42439830 2
596776089 1
42439834 2
42439836 1
596776095 2
42439840 3
42833057 0
246879394 0
42505383 0
476026026 0
42865836 0
42505389 0
42505393 0
596776115 0
277386421 0
596776120 1
42505402 0
596776127 0
60921024 0
60921025 0
596776132 0
42505415 0
42505420 0
2457398818 0
42439887 2
596776144 0
596776150 1
42505433 0
42439899 2
596776156 0
42439905 0
42435451 2
596776164 1
596776165 1
42439910 0
596776167 0
302257385 0
596776173 2
302257391 0
596776177 1
42439922 0
42439924 0
42439927 1
42439929 0
302257406 0
596776201 1
42439952 7
42439955 2
42439960 2
2619272751 0
42439964 2
488248607 0
596776224 1
2987758882 0
2987758883 0
42439972 1
302257448 0
42439981 5
42439984 8
42433138 0
42439990 7
42439994 11
42439996 6
42447323 1
42440001 3
42865986 0
596776260 3
42440009 2
302257482 0
42440012 4
42440015 2
302257488 0
42440020 1
42440022 3
42440025 2
1261680432 0
42833250 0
42505576 0
42833259 0
746132849 0
42833266 0
42440052 0
596776314 0
42833276 0
42440069 0
42768620 0
294065560 0
42833306 0
294065563 0
596776349 0
42833312 0
42833316 0
42833321 0
42833328 0
440243634 0
440243635 0
42833332 0
440243638 0
42833340 0
596776386 0
589927878 0
589927879 3
42866935 0
42440144 1
103880145 0
42833367 0
3927578072 0
42440153 1
596776413 0
440243680 0
42440163 3
42800613 0
42440170 3
3783071220 0
596776442 0
302257661 0
3783071232 0
219780613 0
302257671 0
302257674 0
3783071243 0
302257677 0
3783071246 0
440243737 0
596776474 0
302257711 0
596776497 7
589927991 0
42440253 0
277386815 0
42440258 0
42440270 1
589928020 0
3788379733 1
596776534 2
42440280 0
42440282 2
589928028 2
589928029 1
589928030 1
42440287 0
589928033 1
596776546 1
589928035 2
589928037 0
589928038 0
589928039 0
589928040 1
589928041 1
1251612266 0
42833515 0
302257784 0
42440313 4
3670414976 0
596776578 0
42440323 4
42440325 1
42440326 1
103869228 0
42440330 3
246650510 0
596776594 1
246650523 0
246650524 0
42440350 2
596776613 0
596776624 0
42505910 0
42440376 1
42440381 3
42866368 0
42440385 0
42866370 0
42866373 0
42505929 0
42833612 0
42866381 0
596776654 1
596776656 0
42440401 0
42833618 0
596776659 0
42440408 11
595105499 0
1701844700 0
4378236641 1
2503677681 0
42440452 5
42440453 0
42440456 0
42440459 0
42440463 5
42440465 3
42440469 4
42441007 0
598054695 0
1701844777 0
1773082410 0
595105581 0
42440494 3
3817760665 0
595105589 0
595105592 0
42440527 1
42440532 0
42800986 0
42473313 0
42440553 2
3817760667 0
42440565 0
42440566 0
42440567 0
103126910 0
103126912 0
42440577 0
595793811 0
42506170 0
42866622 0
482842560 0
42866625 0
4302903239 0
42866632 0
3252590541 0
3252590542 0
3252590543 0
3252590544 0
246650838 0
42866647 0
246650840 0
42866652 0
276207581 0
276207583 0
42866657 0
42866664 0
42866667 0
42440686 3
1112485544 0
61271722 7
42440710 7
42440721 7
42440729 9
42440737 9
3742668836 0
42440743 9
42440754 2
278632502 0
278632503 0
42506300 0
42735968 0
3778416706 0
1828749428 0
103880785 0
42440798 3
42473569 0
42440804 4
42440810 1
42440815 12
276207729 0
42440820 2
42440823 3
42440825 3
42473595 0
42440829 4
42440838 10
2411403404 0
42440850 0
65902741 0
42440854 0
42440873 0
42768584 0
301275344 0
42440916 0
42440918 0
42768599 0
42768611 0
42768613 0
42440935 0
42866920 0
42834156 0
42834164 0
42440951 3
42866942 0
42440960 2
42440966 2
42932488 0
42932492 0
42440973 2
1112485592 0
805771544 3
42441000 1
440244527 0
440244528 0
42441009 1
805771586 0
529799493 0
42867029 0
103881056 0
373889390 0
42735984 0
2321258879 0
299178371 0
42441099 0
2703104396 0
246913431 0
103881168 0
246651360 0
246651361 0
42473959 0
42801650 0
103881210 0
103881212 0
42506750 0
42899974 0
42441254 0
597826088 0
42441263 0
597826100 0
42441276 0
42441283 1
597826118 0
3842775629 1
42441295 0
42517603 0
3842775637 0
597826139 0
42932839 0
597826154 0
42801787 0
42932884 0
597826198 0
42932888 0
42736282 0
597826209 0
3096615590 0
597826217 0
597826225 0
42932921 0
1769708232 0
1769708236 0
449616592 0
42932948 0
246580345 0
42866365 0
2423522427 0
597727988 0
597727992 0
597727993 0
246651647 0
246651648 0
597728004 0
597728014 0
597728022 0
597728024 0
597728029 0
1541937951 0
597728036 0
597728040 0
597728043 0
597728050 0
42441535 0
42856246 0
60922694 0
597728082 0
42900309 0
42441564 0
42441569 0
103193445 0
597728103 0
42441587 1
42464834 0
3341917064 0
3341917065 0
3341917066 0
3341917067 0
3341917068 0
42856258 0
597728145 0
1541938066 0
597728147 0
597728148 0
597728149 0
597728150 0
597728151 0
597728152 0
597728153 0
597728154 0
597728157 0
597728158 0
597728159 0
597728160 0
3096615848 0
3096615849 0
3096615851 0
3096615852 0
3096615853 0
3096615854 0
3096615855 0
3891960758 0
3891960759 0
3891960760 0
60922812 0
103872546 0
42441668 0
42867654 0
103160779 0
3686051662 0
1112485711 0
3795557341 0
42900482 0
42736651 0
103881776 0
1919595917 0
42441805 0
42441823 0
3480362090 0
4156726384 0
494509169 0
60923008 0
914005129 0
42900636 0
1764400286 0
1764400302 0
42900657 0
1764400306 0
246652083 0
42900660 0
246652085 0
246652086 0
42900665 0
1764400318 0
42900675 0
357637334 0
1329098617 0
3480362200 0
42441949 1
42441950 2
42441952 1
42441953 1
42441956 1
42474733 0
42474746 0
42474795 0
246580445 0
3827330952 0
42446733 1
246881639 0
42802543 0
60923264 0
103882116 0
2645335433 0
3783073166 0
1260335139 0
246652323 0
246652326 0
42474924 0
4347534767 0
597269937 0
42474930 0
42442164 0
42474935 0
60923321 0
595729853 0
4347534783 2
597269952 0
3783073217 0
3783073218 0
597269955 0
246652365 0
42474960 0
3783073233 0
42474962 0
3783073253 0
2891718122 0
3783073260 0
3783073263 0
42441299 0
42442230 3
3783073271 0
42442247 1
3783073288 1
106110474 0
42442255 2
449388060 0
42442269 2
42442273 1
103870384 0
42442276 2
42442286 8
1215606708 0
1372888639 0
42835523 0
42835547 0
449388143 0
42835569 0
103882354 0
42835573 0
4379778679 0
42835588 0
42835590 0
42835593 0
42835597 0
768581265 0
42835602 0
42835606 0
42835611 0
42442410 1
42435869 1
42442417 0
42442422 0
246881975 0
295575225 0
42442432 1
42442445 0
2058919631 0
42442451 1
246652628 0
246652629 0
246652630 0
42442459 0
42442463 1
42442469 4
1773084391 1
246652650 0
246652651 0
42442480 1
1773084402 0
1773084405 0
1773084407 2
1773084410 0
42442492 0
42442502 1
588455694 5
588455698 0
588455700 0
278634272 0
246882084 0
42442534 1
471244587 0
42442542 0
42442549 0
1372888888 0
42442555 0
42442557 0
588455742 4
588455743 3
42737472 0
42442561 3
246652740 0
42442565 0
42442567 0
42442569 0
42442571 0
1372888911 0
246652755 1
246882133 0
42508120 0
42508123 0
4320108384 0
4320108387 0
42803046 0
42442613 2
42442618 0
103882621 0
42442625 1
42475395 0
42442628 0
42442635 0
42442638 1
42442642 0
42442645 0
246882202 0
246882203 0
42442656 1
42442659 0
42442664 1
1420631978 0
42442671 1
42901424 0
588455857 0
246882229 0
246882230 0
42442684 0
561035349 1
103882697 0
103882699 0
42442703 0
42442710 0
4331118556 0
42442717 0
42442722 4
42442723 1
42901476 0
385653414 0
42442728 3
2058919917 0
42442734 10
42442741 0
103882746 0
42442750 0
42442755 0
42442764 1
42442770 1
298917917 0
42442788 1
2058920003 0
2058920018 1
42442842 7
42442843 2
42442848 3
42442850 2
42442851 1
42442857 7
60924012 0
42442862 4
2058920052 0
42442870 9
42442877 3
42442881 1
42442889 5
42442891 0
42442895 6
42442898 1
42442902 1
42442906 0
42442910 0
42442913 2
42442918 13
42442931 6
42442933 8
42442935 3
42442937 10
42442939 1
42442943 3
42442947 4
42442948 3
42442949 4
42442952 2
42442955 8
278634700 0
42442957 3
42442959 3
42442960 4
42442961 17
42442963 7
42442977 5
42442983 4
1203806440 0
103162102 0
42443000 1
42443009 1
42443020 5
42443024 2
42443027 3
42443029 0
42443032 2
42443037 1
42443040 0
42443042 0
42443044 2
42443046 2
42443048 2
42443050 0
103162155 0
42443052 0
103260461 0
42443054 7
42443056 2
42443058 2
42443061 0
42443066 2
42443068 2
42443072 0
42443077 2
42443078 0
42443081 0
42443085 2
103260496 0
42443092 2
103260502 0
42443116 8
42443127 0
1203806626 0
4137591212 0
4320108989 0
1814471103 0
103162306 0
42436001 1
1805328840 0
42475983 0
42475986 0
2385813972 0
298918396 0
42443264 0
42443268 1
42443280 0
114662148 0
42430557 1
42476080 0
42443313 2
1825841715 0
42443320 3
42443326 1
42443329 0
42443332 1
42476102 0
42443336 2
595314103 0
42443341 1
42443344 2
42443346 1
42443347 1
42443349 0
42443353 5
42443363 0
42443366 1
42443373 0
42443381 2
42443388 5
246882948 0
246882949 0
42443403 3
42443406 5
42443413 0
1420632727 0
298918559 0
42443426 2
42803880 0
1279337135 1
4145586916 1
4145586919 0
541467370 0
3783088935 1
595337964 1
4145586932 0
4145586933 0
42443513 1
4145586940 0
42443522 4
1061531777 0
42443528 3
42443532 4
42443534 2
42443549 0
42443556 5
42443561 11
42443563 0
42443570 0
42443574 1
1792549689 0
42443582 0
42476352 0
1061531787 1
2482581646 0
42443612 2
42443613 0
42443614 1
42443615 6
42443618 1
748725094 0
595436395 0
42771315 0
597728063 0
42443659 0
42443671 2
42443674 2
42443676 1
42443680 10
60007350 0
1061531807 2
42935231 0
42476485 0
42447009 8
247079889 0
60007381 0
42476503 0
42476514 0
42476522 0
42476532 0
356623349 1
60007414 0
60007415 0
42476536 0
1538237434 2
42476545 0
42476565 0
42443804 1
42443810 0
42476585 0
42443818 3
42443821 0
486876219 0
42443844 1
42476614 0
42476625 0
42476636 0
103097446 0
42476648 0
103097454 0
42509423 0
42476656 0
42476669 0
694854792 0
694854793 0
2321294500 0
42443950 8
42476732 0
42443965 9
42443975 8
2321294536 0
60007631 0
42476753 0
60007643 0
60007644 0
297051385 0
42444028 1
42444043 1
4321748237 1
4321748238 0
42444049 5
42444051 3
42444055 1
42444060 1
42444069 0
297051435 0
42444081 0
3670418747 0
3341917069 0
42430691 3
42444116 0
42444123 0
42444129 1
597728146 0
3569749104 0
60917021 0
2433000860 0
42444200 0
42444223 0
4090176961 0
2348688837 0
42444230 0
60925389 0
293348823 0
42739178 0
1203709420 0
42444271 1
3734578672 0
42444277 0
42444279 0
42870277 0
42430722 0
2523309612 0
42444353 0
42441654 1
293348946 0
3928841146 0
293348989 0
42444414 1
42444424 4
42477215 0
3446679201 0
42477222 0
42444456 13
42444458 7
103098028 0
42444461 4
42477230 0
42752968 0
42444479 1
42477251 0
42477252 0
42444485 2
42477254 0
42444487 0
42477256 0
3971196618 0
42444491 0
3971196622 0
42444495 0
3971196627 0
42444500 0
42444506 0
3449988835 0
3449988837 0
103884534 0
1657546495 0
42804992 0
42444581 0
529049383 0
3785612258 29
60925784 0
60925795 0
3789563794 0
3932923797 0
42739615 0
371337150 0
247080924 0
299182056 0
3711838194 0
1659021301 0
60925950 4
1659021320 0
42444809 0
42444810 1
3891963915 0
42444812 0
42444814 0
42444817 1
42444820 0
42444827 4
42444829 2
42444832 1
42444833 0
371337250 0
42444835 1
42444854 0
4016646206 1
4016646214 0
493889629 0
42444897 0
2411145323 0
42444909 19
42444916 3
60926076 1
42444928 3
42444933 1
103098504 0
300853392 0
42444947 0
103884953 0
42444954 5
42444960 4
247081122 10
42444964 4
42444985 5
4191922366 1
42444991 6
4191922369 0
42445001 9
42445011 8
42445018 1
42445020 7
42445025 1
42445027 4
42445033 1
4235733228 0
42445037 5
4235733230 0
42445039 1
4235733233 0
4235733234 0
4235733235 0
42445051 0
4024150289 0
42447235 1
748726621 1
1904847201 0
1772136805 0
42838389 0
42445174 0
3778324860 0
587934079 1
42445185 2
42510722 0
42445196 1
300788122 0
42445215 2
300788132 0
4209420712 0
42445225 0
42445227 0
42445230 0
42445232 1
42445236 0
42478008 0
42445247 1
42445256 0
42445259 1
42445261 0
42445263 3
3562587903 0
42445310 3
42445314 0
42871299 0
42871307 0
42510861 0
3562587907 0
42478102 0
42478107 0
42496432 0
42871334 0
42871339 0
42445356 1
42445357 1
42871346 0
42445365 2
42445369 11
42871355 0
2836081212 0
42445374 10
42871360 0
42445378 12
42445382 0
42445387 0
42445390 7
42445392 0
42871379 0
42871386 0
42445404 1
42445409 4
42445411 4
42478180 0
42445413 4
42478183 0
42445417 4
42478191 0
42445426 0
587934347 0
42430914 2
42445466 0
42445474 0
42445479 0
42445481 0
42445484 2
42445489 0
42445498 2
42445511 0
42478283 0
42478287 0
42445520 1
42478289 0
42445534 5
607922912 0
42478307 0
42445543 1
247081705 0
247081706 0
42445548 0
247081711 0
247081712 0
247081715 0
42445558 1
42445561 0
3655086549 0
42445569 0
42740482 0
42445574 3
42480088 0
42445587 3
370924677 1
42478369 0
42445603 3
42445606 0
42478376 0
42445612 0
42445617 2
370913758 0
42445630 0
1472637761 0
42445634 0
42445635 1
42445640 0
42478411 0
42447330 2
42445649 2
42445651 1
42445653 4
42445656 2
42445661 3
42445664 3
42445666 0
42445667 0
42445680 0
42445702 0
2796727177 0
42824174 0
42463727 0
42445731 1
42445733 0
42445736 0
42445738 0
42445740 0
42445748 0
42904507 0
42445757 0
766749630 0
42445766 3
42445769 0
42445773 4
42445817 0
42445823 2
42445827 0
42445840 0
42445843 0
42839062 0
42839067 0
42839076 0
42445867 4
42441907 0
486868830 0
42445879 0
42445885 0
42445888 3
42441910 0
42445896 1
42445899 1
42445903 1
42445908 1
42445909 1
42445910 3
42474681 0
42445914 0
42445916 4
42445917 2
42445920 0
42445924 4
42445926 1
42445928 2
42445930 5
42445936 1
371207282 0
42445941 3
42445947 8
42445950 3
42445953 2
42839172 0
42445961 1
42445972 0
42445976 1
42511521 0
42445994 2
42871990 0
42431007 0
42446013 1
42446016 1
42446021 1
42872008 0
42446026 2
42424610 1
4235734221 0
42446031 1
42872016 0
42446036 0
42446041 0
42872042 0
42446066 0
42446070 0
42446072 1
42436614 0
42446086 1
42446093 2
42446099 0
296856858 0
561949979 0
296856879 0
296856881 0
42446132 0
42436489 0
1209576761 0
42446138 3
3919359296 0
42741058 0
42446147 1
42446152 4
296856905 0
1207381341 0
42446187 3
42446190 2
42511729 0
42446203 0
561950077 0
42446218 2
42446245 1
103230886 0
1209576872 0
42440397 1
42446266 1
42446270 3
4290981311 0
1105800640 0
42446275 3
277032406 0
2025097124 0
2025097125 0
42446331 1
42446337 0
1773121034 0
1773121036 0
42446353 0
42741268 0
42741272 0
42446363 3
42741276 0
42741279 0
42446386 0
300789307 0
300789316 0
42905185 0
42905203 0
766750326 0
42446455 0
766750329 0
42446461 0
42446466 4
42446472 1
42446478 2
103132816 0
1112485522 0
3582406293 0
42446488 4
1112485531 0
60927650 0
3919359655 0
42446504 7
42446506 1
277032631 0
42446521 1
42446528 1
42446533 3
42446547 1
42446552 1
3020369625 0
529051355 0
42446562 1
42446571 2
42446584 1
561950457 0
3036229377 3
3036229381 0
103100169 0
42446604 2
42446622 0
103132964 0
1061531429 4
42431111 0
1061531447 0
42938169 0
449621818 0
247072735 0
1061531454 0
42846177 0
2821304136 0
2821304137 1
2821304138 1
60927822 1
2821304143 0
2821304145 0
2954866520 0
1061531496 1
1061531500 0
42446701 5
1061531504 1
2954866546 0
1061531509 1
1773055865 2
2954866558 0
2954866560 0
42446723 1
1061531525 0
1061531527 2
529280909 0
42458435 0
1061531550 1
1061531566 1
42446772 0
3324555189 0
1061531575 1
42446778 0
1061531593 1
1061531596 0
1061531597 4
205008849 0
1061531603 3
1061531608 2
2473603044 0
3536400365 0
1061531631 0
1061531634 2
1061531637 1
1061531645 0
1061531654 0
42446875 3
1061531682 0
1061531683 0
1061531685 2
42446889 0
561950766 0
1061531695 0
1260335152 0
1061531707 0
1899245629 0
1899245632 0
1061531717 0
597241928 0
1260335181 0
1061531727 0
1061531730 0
1061531731 0
42446932 3
42446933 2
42446934 1
42446935 2
1061531736 0
766750812 0
42446941 2
42446942 3
42446945 3
42446949 1
1061531757 0
42446959 3
1764405361 0
1764405363 0
1061531768 1
42446971 2
42446977 1
42446986 1
42446987 6
1061531790 1
42446991 4
3655086224 0
42446994 3
42446998 3
42446999 4
1061531802 0
1061531803 0
42447007 1
1575006369 0
1061531810 1
1061531815 0
1061531818 1
42447020 1
42447030 1
1061531839 1
1061531847 1
42447060 4
598050852 0
370880731 0
42447069 2
42447076 0
42447084 1
695054577 0
695054578 0
370880761 0
42447105 3
42447115 0
42447126 2
42447132 1
42447136 2
42447144 0
42447149 2
42447166 8
42447169 0
42447174 0
42447176 1
42447179 0
42447182 2
3053662545 0
42447187 1
42447192 1
42447196 3
42447199 2
695054688 0
389001587 0
42447228 2
42447230 0
370914027 0
42447237 1
42447246 0
42447249 2
60928432 0
42425758 2
42447295 0
42447303 0
42807752 0
3655086537 0
42807755 0
42447308 2
42807758 0
42474915 0
42447317 0
42480086 0
42807768 0
42807771 0
42447326 2
42807778 0
42807781 0
746211409 0
298562032 0
42480120 0
42807812 0
42807818 0
308693079 0
598290960 0
42480149 0
308693081 0
193868326 0
42447399 1
42447404 0
42447418 0
42447428 0
42447435 3
300855889 0
4115968601 0
598291035 0
42742384 0
60923328 0
598291074 0
42873480 0
42513041 0
42802627 0
42742426 0
598291108 0
598291114 0
4234425009 0
4234425018 0
42742468 0
4234425037 0
300856014 0
4234425039 0
103199460 0
4249006825 0
4249006827 0
595407625 0
595407628 0
298562323 0
3919359299 0
42808162 0
42808170 0
42808189 0
42808193 0
42808195 0
2891718127 0
595801009 0
595801154 0
595801156 0
595801157 0
595801158 0
301910199 0
1901016191 0
2447553689 0
42841242 0
1989096622 0
2447553712 0
2447553713 0
42874036 0
42874050 0
3875091651 0
42874057 0
42874058 0
42874059 0
42874060 0
3783144654 0
42448081 0
42874069 0
42874072 0
42874074 0
42874076 0
42874078 0
60929249 0
42874087 0
4382842407 0
4384069429 0
60929278 0
373929217 0
4382842415 0
42448162 0
42743079 0
42448171 1
42874179 0
42874186 0
42448203 0
42874192 0
42448216 0
42448238 1
42448254 0
42448257 0
1919595910 0
2883532168 0
1919595914 5
1919595915 8
1919595916 3
42481037 0
1919595918 2
1919595920 0
247084433 0
1919595922 0
1919595924 0
1919595925 3
3834459542 0
1919595927 0
1919595928 3
1919595929 0
247084442 0
247084443 0
298792355 0
42453236 0
595703226 0
42448317 0
42448326 4
42448329 2
42448338 1
3091412470 0
42448379 7
103855619 0
3272816133 0
42448390 5
103855623 0
595703304 0
42448430 0
3569858104 0
3569858112 0
42425955 0
42448469 2
3630249566 0
103855742 0
2072447253 0
42841755 0
42841760 0
42448549 0
42448552 1
42448554 0
42743468 0
42841773 0
42448558 0
42841778 0
42448563 12
42448568 6
42743481 0
42448570 0
3579426492 0
42841790 0
4379778677 0
1251456706 0
1251456707 0
1251456713 0
488257229 0
42448593 0
3341858521 0
3341858522 0
3341858523 0
42874596 0
296859370 0
296859373 0
103855858 0
42874618 0
296859388 0
42874622 0
42874625 0
42874628 0
42874631 0
42874636 0
42874640 0
296859413 0
42874646 0
3705255709 0
296859423 0
1261680417 0
42448674 3
1261680422 0
1261680426 0
1261680429 0
296859440 0
1261680434 0
42448693 6
1261680442 0
1261680445 0
1261680449 0
42448707 4
1261680453 0
1261680455 0
1261680457 0
3037017930 0
1261680460 0
588592974 0
1261680467 0
42448726 1
42448729 0
42465072 0
42448745 3
588593059 0
42907558 0
42448811 2
42448813 1
42448828 0
42436939 3
42481610 0
42436943 2
103135210 0
2991208461 0
247085079 1
42442415 1
480491548 0
42448930 2
276314176 0
276314179 0
276314180 0
561035333 3
276314182 0
276314183 0
561035338 1
561035343 5
301545554 0
301545555 0
301545556 0
301545557 0
561035350 5
561035351 0
561035357 0
561035358 0
561035359 2
561035360 2
561035361 9
561035362 2
561035363 0
561035364 0
561035365 1
561035366 2
561035367 0
561035368 1
561035369 0
561035370 5
561035371 1
561035372 0
561035373 2
561035374 1
561035375 0
561035376 2
561035377 1
561035378 4
561035379 0
561035380 1
561035381 2
561035382 3
42449017 6
301545594 0
42449021 6
301545598 0
42449023 1
301545602 0
301545603 0
42449029 1
276314246 0
301545614 0
42449045 3
103856288 0
42449067 1
3829872815 0
42491592 0
2439690418 0
1478572211 0
42449076 0
42449089 0
2439690438 0
588593353 1
42449098 0
2439690443 0
246649346 2
1478572253 0
42449127 0
42449187 1
42744103 0
2340960600 1
42482011 0
661993821 0
42514785 0
42842479 0
42482034 0
588036470 0
588036474 0
42842492 0
42482048 0
42442475 1
298563974 0
3655086558 0
42449308 5
103856544 0
42449314 3
42449333 0
103201208 0
103201209 0
42449341 6
42842559 0
42449345 2
42842564 0
42449352 0
588593611 3
42842573 0
482654674 0
42842580 0
42449390 0
42482165 0
1251457537 0
42449413 0
42449422 1
42514959 0
42449427 1
2216999449 0
301546019 0
2216999460 0
42482227 0
42514998 0
42512016 0
2548042170 0
42908259 0
42515050 0
42442514 2
1506445762 0
42449550 1
42908315 0
1814477468 0
42449570 1
42449576 0
3783146160 0
3783146162 0
42478194 0
3783146166 1
3783146170 0
42449597 1
3783146174 0
42449600 1
42442528 0
42482372 0
3783146184 0
42449613 1
42449627 0
42482398 0
42449631 1
42449634 1
42449637 1
42449639 1
42449641 0
42449644 0
370870738 0
42449653 0
42449654 2
42449656 0
42482429 0
42482433 0
42802987 0
42449683 2
42449685 7
42449689 0
42449691 0
767998755 0
247085867 0
103856943 0
482655039 0
42482509 0
42442552 1
42908498 0
307870549 0
42908503 0
307870558 0
42737467 0
42908517 0
598227824 0
42482552 0
42442559 0
42482557 0
598227849 0
246889362 0
529054613 0
60923716 0
42449833 2
42449840 3
247086019 0
279151954 0
42431650 3
598227919 0
42449874 3
42449886 4
42449890 6
42449893 2
1506445822 0
480492539 0
42449918 5
42449926 3
42449928 7
42449932 4
103103505 0
42449938 3
42449942 2
42449945 4
42449947 2
42449948 2
42449954 5
42449956 5
42449961 1
42449963 4
42449971 0
42449979 2
1815133244 0
42449982 0
42449985 1
42449991 1
4235738196 0
42450009 1
42450015 2
42810468 0
480492646 0
42450025 2
42450028 0
42450030 1
42450035 0
482655348 0
42450037 1
42450044 5
42450048 0
42450052 1
42843270 0
42450055 1
42450057 1
298564749 0
3977886863 0
3977886865 0
42450066 1
42450071 4
42450080 0
42450083 1
293780657 0
293780668 0
293780670 0
293780672 0
42843340 0
103136467 0
42874062 0
4019305696 0
103136485 0
1692450029 3
4019305710 0
42908911 0
4019305715 0
42908922 0
3749657851 0
302464258 0
4019305744 0
4019305747 0
4019305749 0
4019305765 0
4019305786 0
42450275 0
598031719 0
42941801 0
246857083 0
246857084 1
103866263 0
480492947 0
4019305890 0
42442651 2
42450341 1
3891969467 0
3891969468 0
3891969470 0
3891969471 0
4019305931 0
4019305940 0
4019305942 0
300563943 0
300563945 0
300563947 0
300563948 0
247119341 0
42450426 0
1893285378 0
4244408921 0
42450456 1
42515994 0
42450460 0
42450468 2
3785702957 0
3785702958 0
247122525 0
247119420 0
247119422 0
3477651017 0
42497866 0
246890098 3
1657650822 0
1657650826 0
3392519824 0
3392519826 0
3392519828 0
3392519830 0
3392519831 0
3392519833 0
3392519835 1
3392519839 0
3392519843 0
42917830 0
3392519846 0
3392519848 0
598228660 0
3392519863 0
3392519865 0
3392519867 0
3392519868 0
3392519869 0
3392519871 0
3392519878 0
3392519879 0
42483410 0
42483414 0
247119596 0
42483438 0
42453630 2
449658617 0
42450688 3
597311233 0
4143824664 0
3579133722 0
3579133724 0
246890279 0
42483504 0
103137081 0
42876764 0
42483551 0
42483560 0
42876788 0
42876791 0
42876795 0
42909564 0
3096657792 0
42450820 1
247119753 11
247119759 0
247119760 0
247119761 0
1205714835 0
42778520 0
103137183 0
247119784 0
247119785 0
247119786 0
103202760 0
103202782 0
247119856 0
247119857 0
3096657911 0
1773060097 0
1773060099 0
278609934 0
1254408221 0
598622240 0
598622241 0
598622261 0
598622265 0
598622267 0
598622270 0
76464195 0
598622278 0
598622280 0
42844233 0
598622288 0
42844241 0
308363346 0
246890579 1
598622293 0
300859478 0
598622296 0
42844251 0
247119974 0
42844264 0
103096338 0
42844271 0
3857334397 0
42844299 0
567820429 0
42844306 0
103235749 0
103858345 0
103235767 0
103858361 0
295518407 0
103235788 0
42516686 0
42516693 0
42516695 0
4216045795 0
4216045798 0
4216045800 0
42516713 0
4216045802 0
4216045804 0
42844397 0
4216045808 0
4216045810 0
42481022 0
4216045816 0
246923513 0
4216045821 0
4216045822 0
4216045828 0
42481025 0
4216045832 0
4216045834 0
4216045835 0
4216045838 0
4216045840 0
76464404 0
247120149 0
247120150 0
4216045847 0
4216045848 0
4216045849 0
76464410 0
4216045851 0
4216045852 0
4216045854 0
1919595912 0
3834459531 0
103858511 0
766001495 0
1919595921 3
247084436 0
3184509306 0
103858562 0
42910092 0
42513816 0
1632878994 0
3630219668 0
103858585 0
103858587 0
42451370 6
3420766635 0
3420766636 1
42484164 0
42484167 0
42484171 0
4375003603 0
42484186 0
247120348 0
42484200 0
103858697 0
694895124 0
42437384 0
103858748 0
3857400388 1
3857400393 0
2058920035 0
3857400404 0
3857400409 0
42451564 3
76464754 0
42812019 0
250546966 0
42451593 1
373932683 0
42451604 2
294062873 0
3569402521 0
3833447069 0
598033054 0
2481865390 0
42746544 0
246858431 0
246858433 0
42451650 1
246858435 0
42451660 1
246858445 0
246858448 0
246858449 0
42451674 2
42451695 1
42451736 3
76464924 0
42451744 0
42451754 0
1506591534 0
1506591536 0
276316979 0
42451766 1
42451773 0
42451787 3
42910587 0
3285697426 0
42877845 0
246891414 0
42877849 0
42877851 0
246858654 7
3285697439 0
42877856 0
42877861 0
76465081 0
746243097 0
746243101 0
42452006 0
42452015 0
42779698 0
42779702 0
42452026 1
42484806 0
42452040 0
42746959 0
42452056 1
42452067 3
42452076 2
42452084 2
42452107 0
42452117 1
42452130 1
1272562861 0
42452147 0
60924107 0
2423997639 0
4332700903 0
1272562931 2
373933306 0
42779909 0
103859491 0
42747177 0
42747180 0
61261104 0
42747188 0
42747190 0
42452290 0
1775176473 0
42452314 0
597443933 0
1209943391 0
597443942 0
42452330 2
1545532990 0
42452353 3
42452365 1
42432068 2
2499757467 0
600524194 0
42452396 0
597444020 0
597444023 0
595314104 1
597444030 0
597444036 0
595314120 0
76465622 0
103171552 0
4145432042 0
42825301 0
3391966123 0
42452485 2
42452495 0
42452564 1
103162133 0
42452610 0
42452613 0
3377383055 0
2041169566 0
2302133933 1
42845872 0
103859910 0
2313537249 0
42452708 0
3903014642 0
3562587893 0
3562587894 0
3562587895 0
3562587896 0
3562587897 0
3562587898 0
3562587899 0
3562587900 0
3562587901 0
3562587902 0
42437589 6
3562587904 0
3562587905 0
3562587906 0
593839875 0
3562587908 0
593839881 0
3919350744 0
593839894 0
663799618 0
42452809 0
42452812 0
42452814 0
42452816 0
42452817 3
3919350757 0
299386721 0
3919350760 0
276318087 0
42470380 0
42452875 2
42485646 0
42452882 2
103162181 0
1293174690 0
42846142 0
42846147 0
42846151 0
42485710 0
42452951 0
42452954 0
42452956 3
42432165 9
42443088 0
42452973 9
42452975 3
2823833584 0
3839412209 0
103172087 0
42841770 0
42453000 0
42518540 0
42453005 0
42453007 0
42453011 0
593840148 0
3099326126 0
42911782 0
42453038 0
42453059 0
42497720 0
685164631 1
402475097 6
301910107 0
42841786 0
2010237030 0
42453104 2
301910133 0
301910138 0
42432191 0
301910152 0
301910153 0
301910154 0
42841795 0
301910165 0
301910176 0
301910180 0
42453158 0
42453166 3
2324482224 0
103205043 0
42453175 0
42453177 0
42453183 0
42453187 5
103205062 0
301910215 0
103205070 0
103205077 0
301910237 0
42453216 0
42453220 0
42453226 2
42748139 0
103139570 0
752535796 0
42453241 2
42453246 6
42453251 0
42453253 0
3285698869 0
3285698876 0
42453310 4
42486083 0
3285698885 0
3839412552 0
42453365 1
42453395 1
42453398 1
42453417 0
42514162 0
3919350764 0
42453541 0
42453545 1
42453548 0
42453555 0
42879545 0
42453564 2
103860806 0
42453575 1
103860811 0
42879564 0
42453586 2
4019305919 0
42486362 0
247122523 0
247122524 0
42486365 0
42453601 1
247122531 0
42453604 4
247122533 0
247122534 0
42453607 0
42453610 1
42453613 0
42453624 0
42846846 0
490457730 0
490457737 0
3569749101 0
3569749102 0
42432282 2
294095984 0
42453691 0
3569749109 0
42519250 0
42453717 5
106089178 0
103860955 0
103860969 0
42453757 0
42453773 1
42453777 0
3569749123 0
1381944089 0
42874672 0
597773093 0
597773094 0
597773095 0
597773107 0
42748728 0
42432308 0
3569749130 0
597773119 0
42748737 0
597773128 0
3391966026 0
673008462 0
3569749133 0
3391966039 0
103107428 0
42448701 10
103861105 0
42825534 0
3569749140 0
103861117 0
103172991 0
3814476678 0
42453902 0
3814476688 0
3569749144 0
3391966112 0
3156429739 0
42453934 0
42825544 0
42453943 0
42448714 10
42453952 0
42514254 0
42760015 0
42453986 1
42453999 0
42454006 0
42454010 1
42454012 0
42912771 0
42912776 0
247122967 0
247122968 0
247122969 0
42454042 1
42486817 0
42448735 2
3448818752 0
42432352 2
42454102 1
42749016 0
2468400256 0
2468400257 0
103861405 0
103861407 0
247123109 2
42454189 0
42454192 0
42454196 1
42454209 0
103861445 0
3579432156 0
3579432160 0
3579432161 0
3579432162 2
42519809 0
42519812 0
2411416839 0
4217720078 0
4217720080 0
4217720082 0
4217720084 0
42487063 0
42880308 0
42454325 11
42454328 0
1369722081 0
42476088 0
42454368 1
529288546 0
4244360547 1
42454378 0
42454381 0
103195198 0
3853864315 0
42454401 0
274681226 0
42454423 0
42454428 3
42454433 5
370888100 1
3842788780 0
4374613428 0
4374613430 0
1825841739 6
42454495 0
42421728 0
42421731 0
42421737 2
42421741 0
42421745 0
42421749 0
370893396 0
42454522 4
42421769 0
42454538 0
42421772 0
42421775 0
42421776 0
42421783 3
42454553 4
3857343067 0
42421800 1
42421803 1
42421806 0
42421809 0
42421810 0
42421820 0
3857343072 0
42454600 0
42454611 1
4191917275 0
42454622 0
2435108453 0
3857343079 0
1773063789 1
2435108462 0
42421877 1
42421889 3
42454660 0
42847895 0
247123611 0
247123612 0
42454691 0
42454701 1
103861936 0
42421941 0
42421951 0
42421960 0
42421965 0
42421969 0
42421972 0
42454742 2
42421982 1
42421985 2
42421993 1
42421996 0
42422000 1
42422006 0
42487551 0
42422016 0
42422018 0
42487555 0
42487558 0
42422026 1
42487564 0
42454798 4
42487567 0
42487570 0
42422038 1
42422042 0
1695371036 3
4145794845 0
42487583 0
4321038135 0
4321038136 0
587812665 0
4321038139 0
4321038144 0
4321038145 0
4321038147 0
4321038149 0
3446656845 0
3446656847 0
765251408 0
246861652 0
3446656856 0
42749785 0
765251431 1
103173996 0
276320116 0
42749813 0
3502019745 0
4012724160 14
42454994 3
103862228 0
42454997 2
593300815 0
42455007 0
42455013 0
42422258 0
42422270 0
42455039 11
406048768 0
1793478658 0
1793478660 0
42471829 0
42422283 4
294998032 0
42455059 0
42455083 0
103186672 0
42455113 0
2799390796 0
42455119 2
3377461262 0
4145434712 0
103191038 0
4129804713 0
276385904 0
721834106 0
721834109 0
42881151 0
42455175 2
42520715 0
42455181 1
103207071 0
42455200 2
42520740 0
42815676 0
42455234 0
42469653 0
103108806 0
42455245 1
42455252 0
42455259 0
42815780 0
42455335 0
42455337 1
373936427 0
42815799 0
42815807 0
42422592 0
42815820 0
42815824 0
42815829 0
42815834 0
42455396 1
42455412 0
4145586922 0
247128811 0
4129804701 0
4129804702 0
4129804711 0
595481001 0
373903786 0
276314186 0
42455493 1
103174599 0
2472137170 0
42455509 0
42488278 0
42815975 0
42815983 0
2472137215 0
42488328 0
42488343 0
42521134 0
42488408 0
42448996 5
42488411 0
470209120 0
470209122 0
301545575 0
42488429 0
42455662 0
42455666 0
42422899 1
42455675 1
295228034 0
301545580 0
42455693 0
42455694 0
42455695 1
247222929 0
42449007 0
42436935 3
42449010 4
301545587 0
42455735 2
42488507 0
222024381 0
276314230 0
42455751 14
42455761 4
222024417 0
597414626 0
597414627 0
597414628 0
42423020 12
561042188 0
561042190 0
561042191 0
561042192 0
561042193 0
561042194 0
561042195 0
561042198 0
561042199 3
561042200 0
3360772889 0
561042203 0
561042204 4
42423070 0
222024487 0
42455867 2
42423101 2
3946500927 0
3946500929 0
42423116 5
42455887 2
597414736 0
597414738 0
4115878744 1
42455897 2
559862621 0
42455915 0
42849138 0
42455929 0
42455931 0
42455932 0
42455934 0
1538237248 2
597414788 0
597414789 0
597414802 0
597414803 0
42455963 3
597414813 0
42423203 4
42423206 0
597414825 0
597414826 0
103863232 0
103863234 0
103863241 0
4217721804 0
4217721808 0
4217721811 0
4217721814 0
42849240 0
4217721818 0
4217721820 0
42849245 0
4217721822 0
4217721825 0
42431490 1
4217721827 0
4217721829 0
4217721831 0
42456041 1
4217721837 0
4217721840 0
42456049 6
4217721842 0
4217721844 0
4217721846 0
4217721848 0
4217721851 0
42456060 2
4217721854 0
42423295 2
4217721857 0
42456066 5
246862852 0
4217721864 0
4217721866 0
42456076 3
4217721871 0
4217721874 0
42456084 7
4217721878 0
4217721881 0
42456091 2
4217721884 0
4217721887 0
4217721890 0
42423331 0
42456101 0
4217721896 0
42456107 3
596366381 0
42456110 0
42456115 3
42456162 1
42825916 0
42488944 0
103863417 0
2141026495 0
42456197 2
103863432 0
42423456 6
2963821760 0
42521803 0
42825933 0
3847026390 0
4398994649 0
42456297 1
42456303 0
42423549 2
42456331 5
42423564 6
42423565 2
3884569924 0
3884569931 8
42427278 0
42521949 0
42849630 0
42521956 0
42849642 0
103241068 0
42432744 0
42849658 0
42849669 0
42849703 0
42456492 2
42849714 0
579655095 0
42432756 2
42849730 0
103863750 0
42423752 0
42825975 0
42849740 0
42849745 0
42849749 0
42849753 0
42456543 3
427840998 1
4290991591 0
42456555 3
42456568 2
42456575 0
42456578 0
42456598 0
42456611 1
427841062 0
427841071 0
427841073 0
103883702 0
42423885 3
42456683 1
42456708 0
42456711 1
977458841 0
42718876 0
752178858 0
42476487 0
3778729670 0
42432802 1
42424025 0
42424032 0
1332762348 0
42424089 33
42424098 12
42424109 3
42456888 0
1332860731 1
3686061906 1
3686061913 0
3686061914 4
3686061920 0
3686061922 0
42438291 0
300570488 0
300570489 0
103110531 0
42454679 0
42817428 0
42456986 0
42882973 0
42882974 0
42882975 0
42882977 0
42817446 0
42882983 0
42882987 0
479156141 0
42882996 0
297097141 0
42882999 0
297097144 0
42883002 0
42817469 0
42883008 0
42424258 0
42883012 0
42489803 0
42883022 0
42883028 0
42883064 0
42489860 0
42424334 0
42883096 0
42424347 0
42883101 0
42424354 0
42915899 0
42424382 0
42424408 1
246874388 0
42424427 2
42424439 1
42457209 0
2472695933 0
103864489 0
295229623 0
529062089 0
247224529 0
103209178 0
42457311 2
42457319 0
42817771 0
42457325 0
597711097 0
432756990 0
42421974 2
103864595 0
103864601 0
103864602 0
103864606 0
42424609 0
298604834 0
1761401124 0
298604839 0
42424619 3
42424672 1
103864694 0
103864695 0
598268281 0
42424703 5
42457476 1
296933778 0
296933779 0
296933786 0
2340960668 0
103864749 0
103864751 0
42424789 5
42436326 0
103864793 0
298605029 0
3009534450 0
3009534454 0
3009534455 0
3009534459 0
42487552 0
3009534469 0
3009534470 1
3009534472 0
42424851 0
427842070 0
42424864 4
42719790 0
598202928 0
42719798 0
42457660 0
42818110 0
42818120 0
42422028 1
1993136714 0
103144019 0
1993136726 0
1241864793 0
42424937 0
42457728 0
42818182 0
42457735 0
42449005 1
42818193 0
42818203 0
42818207 0
42818209 0
103872966 0
247224999 0
1733614298 1
42457821 3
100522728 1
3783088880 1
100522741 0
42432980 0
103865124 0
42425127 1
246648627 0
4347733129 5
390519635 5
42425232 2
595786222 0
42818471 0
42818480 0
42752947 0
42818487 0
3928841144 0
42818490 0
42752956 0
42752959 0
42752962 0
42752966 0
42818504 0
42818511 0
42818515 0
246861647 0
42818528 0
2512378850 0
3785612259 11
374463462 1
42818542 0
103865337 0
103865342 0
42458112 1
42818563 0
42425348 2
42818567 0
42818573 0
42433027 2
42476718 0
103865370 0
277385050 0
42514949 0
103865376 0
42523684 0
103865393 0
42440290 1
254342115 0
42441382 2
42490968 0
42866924 0
42433046 1
296377496 0
103865533 0
103865535 0
103111874 0
103865542 0
42458313 1
42433058 0
103865552 0
42753240 0
42458333 3
42753246 0
42425570 0
42458342 1
42523893 0
103865593 0
482663674 0
3581500675 0
103865632 0
42449027 0
3248774449 0
103865667 0
42425681 0
42491226 0
42864528 0
595352937 0
278630291 0
42753396 0
42753403 0
42753407 0
42753413 0
103865739 0
42753425 0
42851731 0
42753429 0
42753432 0
42753435 0
1762221470 0
103865766 0
3413663146 0
559865278 0
703585743 0
703585744 0
3656019783 0
2419285518 1
4382842396 0
4382842398 0
103177764 0
402480678 0
4158807591 0
4382842410 0
4158807596 0
42491439 0
4382842416 0
4382842417 0
4382842419 0
4382842420 0
42491450 0
103177788 0
1764626363 1
42458728 3
1490116221 0
103865986 0
42458766 0
42426011 0
42491554 0
42491565 0
42491569 0
205020852 0
42491582 0
42491585 0
1773067972 0
272195270 1
272195271 0
272195272 1
42491599 0
42884818 0
42491613 0
42491625 0
42491627 0
103862226 0
42491632 0
42491638 0
42491641 0
42491642 0
42753795 0
598433545 0
42753809 0
297051441 0
42426172 3
42458943 1
42786626 0
103112569 0
591454081 1
103866250 0
42786700 0
1764424345 2
42459041 0
42786722 0
42455026 0
2947964848 0
103866300 0
596271046 0
42459098 1
42459114 4
103866348 0
42917869 0
42819566 0
42917872 0
42819569 0
42459137 0
42426374 0
295231527 0
42459180 1
701063220 1
370892861 0
42455051 3
2809356357 0
42474150 0
731930706 1
471240718 0
42885345 0
3019038994 0
42885400 0
3019039006 0
3019039007 0
298606882 0
42492196 0
42459436 1
42492210 0
298606926 0
42492239 0
293272292 0
42459493 0
42426747 2
4145439100 0
4145439101 0
4145439102 0
103309701 0
103866758 0
103309709 0
293790120 0
42426799 0
293790139 0
42426816 0
42852816 0
42482424 0
1506599378 1
479715801 0
479715815 0
4382384621 0
42426865 0
103866867 0
2548031991 0
2548031992 0
42492409 0
42492415 0
272196096 1
1740694093 0
370893395 0
299098708 0
42426971 1
3857343069 0
371188320 0
3857343073 1
479715943 0
3857343080 0
103866985 0
529556095 0
42427009 0
42885762 0
103867019 0
103867026 0
2012177085 0
42427086 0
42427112 0
42427115 0
247128812 0
247128814 0
42427122 0
106717940 0
106717941 0
42427126 1
42427128 1
42427133 1
42427136 2
42427139 0
42427143 1
42427146 0
42427150 0
42427152 0
42427156 1
597844758 0
42427159 0
42427164 0
42427168 1
42427867 1
1754817317 0
1754817323 0
42427185 0
42427190 1
42427196 0
597844800 0
42427206 1
42427212 1
42427216 2
103867217 0
246866788 0
246866793 0
246866798 0
246866806 0
246866810 0
42492802 0
246866828 2
246866830 0
42427281 0
246866840 0
42427290 0
42427300 2
42427305 0
42427307 0
42427311 1
42427316 5
42427319 0
42427324 0
42427327 1
42427335 4
42427346 5
42427352 1
293266393 0
42427358 3
3974095843 0
42427369 2
42427371 1
42427374 1
42427381 2
42427386 2
42427390 0
42427393 0
371188750 1
1642095632 0
42427411 2
42427423 2
42427426 0
42427427 0
247227451 0
1545167946 0
42427477 1
42427483 1
42427494 5
103867498 0
42427507 0
60810374 0
3584752496 0
42455238 1
103867568 0
3040306365 0
42722498 0
302245078 0
103867611 0
42820836 0
42820840 0
42433404 0
3817760020 0
3817760021 0
42493206 0
3817760023 0
3817760024 0
3817760025 0
3817760026 0
3817760027 0
3817760029 0
3817760030 0
3817760031 0
3817760032 0
3817760033 2
3817760034 0
3817760035 0
3817760039 0
3817760041 0
3817760043 0
3817760045 3
3817760047 0
42482569 0
302245181 0
302245184 0
42427742 0
42427744 0
42427762 7
42427769 0
2404083070 0
42427780 3
42427786 2
42427787 0
42427797 3
61269400 0
42427972 2
42427805 4
42427812 8
302245287 0
42427817 3
42427821 4
42427824 0
42427828 1
42427844 6
3554502085 0
42427852 2
42427855 2
42427859 4
42427863 2
42493403 0
42427870 6
42427873 1
42427877 1
42427881 0
42427894 0
42427915 2
42427919 0
42427926 0
42427965 6
432760382 0
42427968 9
42427970 17
103867972 0
103867974 0
42427975 1
42427979 0
42427985 1
42427991 5
42427996 0
42428003 2
42428005 1
42428007 2
42428010 2
42428012 0
42428013 2
42428014 1
42428015 0
42428016 1
42428020 1
42428022 1
42428024 0
42428027 2
42428029 0
42428032 0
42428034 0
42428037 2
42428039 0
42428043 0
42428045 0
42446925 2
42428047 0
4216055440 0
42428049 1
42428052 0
42428061 0
42428063 2
42428065 0
42428068 0
42428072 0
103179948 0
42428080 0
42428082 1
42428086 3
42428090 0
42428094 0
42428124 2
2404083427 0
42428134 0
103865549 0
3413665526 0
42815785 0
3413665532 0
42919687 0
42428170 1
42428174 1
42428179 1
42428183 0
42428192 3
42428198 1
42428201 3
42428206 0
42438963 1
42428212 3
42428216 0
42428220 2
42526525 0
42428223 1
3562563394 0
42428227 0
42428232 2
42428234 1
42428239 2
3250349906 0
42428244 0
3250349909 0
42428248 2
42428253 1
42874655 0
42428258 0
42755942 0
4216055441 0
42428264 0
42428268 0
42428272 1
42428277 0
42428283 3
42428287 6
42428291 0
42428294 3
42428297 5
42428300 3
42428303 3
42428305 4
42428307 0
42428308 1
42428310 1
3817760663 0
42428312 1
42428313 1
42428315 2
3817760670 0
3817760672 0
42428321 1
42428328 0
42428329 2
42428332 0
3946506160 0
3946506161 0
42428345 0
103147167 0
60811206 0
42428365 1
42428366 1
42428368 2
42428370 0
42428371 1
42428374 0
42428376 2
42428377 0
42428379 1
42428385 1
2057103332 0
42428391 0
2057103336 0
42428402 3
42428405 0
42428408 1
42428411 1
42428417 1
42428420 2
42477228 0
42428428 3
2057103373 0
42428433 13
42428434 0
42428436 3
42428438 2
42439001 2
42428441 6
42428444 5
42428447 0
42428454 4
42428458 1
42428460 3
42428464 0
1997760561 0
42428468 1
42428471 2
42428473 2
42428476 1
588113982 0
42428480 1
42428483 1
42428489 1
42428491 1
42428493 3
42494033 0
60811360 0
42428527 1
42428529 1
1764747381 0
42494080 0
1764747393 0
4320028807 0
103114888 0
4320028816 0
4320028818 0
42428570 0
4320028830 1
42428575 0
42428579 0
4320028836 0
42428583 0
42428588 1
42428590 0
42428595 0
42428598 0
103868600 0
42428601 0
42433567 0
42428604 0
103868606 0
42428610 0
3971196619 0
42461394 0
42428634 0
3971196623 0
42428637 0
103868638 0
42428640 0
42428643 0
42428645 0
42428648 0
595749100 0
42428653 1
60811504 0
42428657 0
448227573 0
42428663 0
3971196628 0
595749116 0
103868669 0
42428670 0
42428674 0
42428678 0
42428682 0
42428689 0
761293078 1
42428695 0
42428701 0
42428705 0
42428709 0
42428711 0
42428714 0
3402819884 0
3402819885 0
42428720 0
42428723 0
42428725 0
42428728 0
42428737 0
42428742 0
42428746 0
42428751 0
42442584 7
3601295702 0
3601295704 1
103868773 0
103868779 0
42428782 0
387180914 2
387180916 4
279603573 0
3601295737 0
42428799 0
2061592973 0
2321279382 0
3601295768 0
42428833 0
103868842 0
42428844 0
103147955 0
42723765 0
42428863 1
42439073 0
3413665527 0
42428892 1
530475491 0
1258875372 0
1258875373 0
42428919 2
42428922 1
103148029 0
42428926 0
42428928 0
42428931 0
4207143428 0
42428934 0
42428936 1
42428939 1
42428941 0
42428944 0
42920467 0
42428951 0
42428953 0
42428956 0
42428958 0
42428961 0
42428962 0
42428964 0
42428965 0
42428966 0
42428967 0
42428970 0
42428973 0
42428975 0
42428978 1
42428980 1
42428984 1
42428985 1
42428989 0
42442592 1
42428994 1
42428998 1
42429002 2
42429006 0
42429011 0
42429013 0
42429017 3
764734042 0
764734043 0
764734045 0
42429023 3
1258875489 0
42429029 3
588114535 0
42429044 4
1258875532 0
42429072 3
42429083 0
588114597 0
42429094 2
103869101 0
42429104 1
103869105 0
589298803 0
42429109 1
1792535228 0
1286793918 0
1792535233 0
42439323 0
3569749100 0
573401827 0
1934650086 0
42429174 0
2837768960 0
593816329 1
103246603 0
1258875665 0
103246612 0
42429211 3
42429212 0
42429215 3
3809536800 0
42429217 1
42429220 5
42429222 4
3809536808 0
42429226 1
42429228 0
42429231 1
42429242 1
1258875710 0
297462592 0
593816397 1
42450061 0
1258875733 0
2089937767 0
1258875754 0
42494845 0
42429314 0
3976008172 0
598228119 0
42429324 0
42920850 0
42429334 0
42429338 2
42429340 5
42429342 1
42527647 0
42429348 0
3446959013 0
3446959014 0
593816490 0
42920889 0
42920892 0
42429373 3
42429374 2
42429375 4
42429378 0
42494920 0
42429394 9
765357011 0
2029349871 0
246649342 0
42826923 0
42429452 0
588114957 0
42429457 1
588114966 0
42429466 1
597748763 0
588114972 0
42429474 0
588114979 0
305556519 0
3932847282 0
588114994 0
4015418422 1
588115006 0
3932847285 0
42429504 0
42429530 3
42429532 0
42429541 1
598043765 0
42429562 1
42429563 0
598043772 0
598043773 0
598043774 0
598043775 0
598043776 0
42429570 2
598043780 0
598043781 0
598043782 0
598043783 0
488264215 0
598043788 0
598043790 0
598043791 0
598043792 0
598043793 0
598043800 0
588115098 0
598043811 0
3645158801 0
205024444 0
588115139 0
42429636 1
42429637 1
2089938123 0
42429645 0
42439203 5
42429652 3
42429657 0
42429659 2
42429661 1
42429662 3
42429663 4
42429664 4
42429666 3
42429680 0
42429682 1
42429685 0
42429688 0
42429690 0
42429693 1
42429694 2
103869696 0
103869698 0
103869700 0
42429704 0
103214357 0
42429718 0
42429727 0
42429744 2
2091642163 0
588115253 0
42429752 0
42429754 19
42429756 0
298806591 0
42429761 0
42429762 9
103214403 0
103214404 0
42429766 1
588115271 0
42429769 13
42429773 14
42429782 10
588115290 0
2715512169 0
42429806 4
42429812 0
42429825 2
482536836 0
42429830 1
42429832 0
42855824 0
2057103256 0
42429844 0
42724759 0
4217721868 0
1544809885 1
1544809891 0
42442621 2
42888621 0
42429874 2
42429876 1
42888633 0
42429888 4
3686034882 0
42429896 0
42429900 3
42888656 0
3567807957 0
42888664 0
42429918 0
42888672 0
4019305723 0
103869949 0
2457398797 0
42429970 1
42429971 0
42429974 1
42429976 5
42429980 1
42429981 10
42429986 6
42455643 3
103116324 0
293301804 0
42429998 2
42429999 0
42430004 2
42430007 0
42430030 4
42430034 1
42430038 4
42430041 9
42430044 0
2969267808 0
42430050 0
42430052 0
42430056 0
42430060 0
42430063 0
42430068 3
42430075 1
2025165419 0
42430115 1
42430118 1
42430122 1
248606379 0
42430126 2
42728734 0
42430138 0
42430143 4
42430147 0
42430154 0
42430160 1
42430164 1
4320194261 0
42430167 0
4320194264 0
4320194265 0
2693557987 0
2832297701 0
2832297702 0
2693557993 0
42430187 2
42430205 2
42430217 6
42430231 11
42430233 1
42430235 2
42430237 3
42430241 3
42430247 1
42430249 2
42430253 11
42430255 0
42430257 3
42430259 2
42528566 0
42430263 7
42430265 6
42430269 3
42430271 9
42430274 5
42430277 1
42430279 8
42430282 0
42430288 2
42430292 6
42430295 3
62915509 5
42430298 1
42430304 6
42430308 4
103280486 0
42430311 2
42430314 3
42430317 4
42430320 2
42430324 1
42430329 2
103870331 0
42430333 8
3827330944 0
42430338 7
42430342 4
42430344 5
42430347 0
42430350 7
42430352 3
42430356 3
42430358 3
42430361 7
42430363 0
42430367 6
42430371 5
103870373 0
1775267750 0
42430375 4
103870377 0
42430378 2
103870382 0
42430384 10
42430390 2
103870392 0
42430394 10
42725324 0
42725346 0
62915514 7
103247861 0
42430474 1
42430477 0
42430479 0
42430482 2
42430485 5
42430488 3
42463272 0
42428425 1
3718672443 1
371337226 1
42430529 0
371337227 0
42430535 0
2481877067 12
42856527 0
42430550 0
42856537 0
42856541 0
42856544 0
42856546 0
42856551 0
42430571 0
42856556 0
42856560 0
42856563 0
42856566 0
42856569 0
42856571 0
42430589 0
42430594 0
42463363 0
42430597 1
42430600 1
42463370 0
42430603 2
42856588 0
42463374 0
42430607 1
293302419 0
293302420 0
42430629 0
42430633 1
42430639 1
42430643 1
42430646 0
42430651 1
42856636 0
42430664 15
1280340170 1
42856651 0
42430669 9
42430673 14
42430677 1
42430680 4
42856667 0
42430685 1
42430688 2
42856675 0
42430694 5
42856679 0
42430698 3
42823917 0
42430704 1
42430707 0
42823926 0
42430713 2
42823931 0
42823933 0
42823936 0
42823938 0
42823940 0
42823944 0
370897167 0
42430736 2
42430739 0
42430742 2
42430745 2
42430747 2
42430749 0
2521229360 0
42430761 3
42430782 2
42430791 0
42430803 2
42430805 3
42430811 0
42430813 2
42430818 1
246649574 0
42430824 3
246649575 0
42430828 4
42430848 0
42430857 2
42430861 0
1770713491 0
42430872 0
42824096 0
3015668131 0
42430886 2
42463657 0
42824112 0
42430898 7
42824118 0
42430903 4
42824124 0
42824130 0
42725827 0
42824136 0
42430924 1
42824141 0
42824147 0
42824149 0
42824152 0
42430938 2
42430942 0
42824162 0
42824167 0
42824169 0
597783018 0
42824172 0
42496494 0
42758639 0
42824176 0
42758642 0
42824181 0
42758654 0
42430983 1
42430984 1
42430985 2
42430989 1
3015668241 0
597783063 0
42431000 0
42431002 2
42431004 0
42431005 1
597783071 0
42431008 0
42431009 0
42431015 0
42431019 1
42431024 0
42431027 0
42431030 0
42431034 1
42431037 0
42431039 0
42431044 1
42431057 0
42431067 0
42431078 0
42431089 1
42431094 0
42431096 1
596669050 0
42431099 1
42431102 2
42431104 1
42431106 1
42431107 0
42431108 0
103215751 0
42431113 0
42431116 0
42431118 0
42431121 0
561042201 0
3099327940 1
301497801 0
42431165 5
42431168 5
42463947 0
42824399 0
42431187 1
42431193 0
589099740 3
42431200 0
61275600 9
301298404 0
42431210 4
301497811 0
293303035 0
42431230 0
61275605 1
42431234 1
42431242 0
42496779 0
42431252 3
293303062 0
3099327961 0
42431257 2
42496795 0
42431260 6
4024169245 0
3874681643 0
3874681652 0
248708582 0
589099881 0
248708583 0
246862616 0
294417263 0
42477588 0
298939300 0
61272997 2
61273004 4
42431413 0
3778245561 0
42464200 0
42431447 0
3891950553 0
3891950555 0
42431452 5
42431453 2
42431459 3
42431464 4
42431470 1
42464239 0
297890807 0
297890813 0
297890818 0
42431491 0
42431497 1
42450434 1
42431503 2
42431519 2
42464292 0
42431528 1
42431544 0
42431549 3
42431556 3
42431560 1
3942249545 0
42431563 1
3377460312 0
3377460323 0
42529893 0
276299284 0
42431611 4
42431614 1
42431617 1
42431626 2
254342293 0
42431643 0
42431649 0
3377460386 0
530805923 0
42431652 5
297890981 0
42431654 0
42898289 0
42431656 0
42431659 3
42431661 6
42434077 3
746124464 0
1205715001 1
42431671 0
42431674 2
42431677 0
42431678 1
42431680 0
42431681 2
42431684 3
42890450 0
373880031 0
297891076 0
1241183499 0
3785702959 0
42431773 3
42434098 3
42431793 7
42431802 2
42431804 1
42431805 1
596775819 0
42431812 0
42431814 2
3817756012 0
3778313786 0
42431844 4
298775916 0
42464631 0
42431868 2
42431877 1
42431889 0
42464662 0
42431898 5
2357946608 0
42428661 0
1283225030 0
1772058063 0
1772058064 0
42461438 0
42431992 0
42432000 0
42825232 0
42497588 0
42432054 0
42464823 0
42464824 0
42432057 2
42464827 0
42432060 4
42497598 0
42464832 0
42432066 2
42464836 0
42464838 0
42432071 0
42530376 0
42432073 0
42432075 5
42464844 0
42432078 0
42464848 0
42432083 6
42432085 3
2063038040 0
42825307 0
42432097 0
42432099 5
42432105 2
42432108 1
42497646 0
42432111 1
42432127 1
42432135 0
597325451 0
42432142 3
42442697 2
42432148 0
42432152 0
42497691 0
42432156 2
694854464 0
42432161 0
3099326116 0
3099326117 0
3099326118 0
3099326119 0
3099326120 0
3099326121 1
3099326122 0
3099326124 0
42432174 1
3099326127 0
3099326128 1
42432178 1
1283225267 0
42432181 0
4217721801 0
42432184 0
42497721 0
42497727 0
42432194 1
42432199 1
42497737 0
42464975 0
42432208 1
3831856760 0
42432214 3
596776057 0
3847026392 0
42432223 0
42432226 0
42432228 0
3831856764 0
42923756 0
42497777 0
42432244 3
42432246 6
42432250 3
42923772 0
3554932481 0
42428716 0
4217721816 0
42497813 0
2631530266 0
42497821 0
42497826 0
42497832 0
42432302 0
42497840 0
42432305 0
42465076 0
42465078 0
1918039864 0
42465082 0
599062332 0
1918039869 0
42497854 0
42497855 0
42497859 0
1918039877 6
42825542 0
1918039880 0
42825546 0
42825551 0
42497875 0
42825558 0
1918039896 2
1918039897 7
1918039898 2
1918039901 1
1918039904 15
42497892 0
42497899 0
4217721833 0
276035449 0
2499803009 0
42727302 0
42432395 0
3308681112 0
3308681118 0
42432436 0
42432438 1
42432444 0
42432451 1
2402842564 0
2402842565 0
2402842566 0
2402842567 0
42432458 0
42465230 0
2402842575 0
42432464 4
42465233 0
42465234 0
103872499 0
42727425 0
3377461261 0
42465294 0
42428760 0
4217721860 0
42465312 0
3377461282 0
103872547 0
42432556 0
42432558 1
42432564 1
42432572 0
42432580 4
42432585 5
42793036 0
42432589 5
42432594 4
42793045 0
42432598 0
42434233 1
42793048 0
42432605 0
103857853 0
2842884211 0
4217721876 0
2404084075 0
42825865 0
2842884234 0
42825868 0
42432659 5
42825879 0
42432665 0
293337242 0
293337245 0
42825887 0
293337253 0
42825901 0
42825906 0
42432693 5
293337270 0
42825913 0
42432700 4
42432703 5
2141026496 0
42432706 10
2141026502 0
2141026503 7
2141026509 0
2141026514 0
2141026516 2
2141026518 1
2141026521 0
2141026522 0
42434255 3
276297950 0
4217721893 0
42432736 0
42432737 1
2141026532 2
387184869 3
2141026536 3
2141026548 3
2141026551 3
42825989 0
42432785 0
1289222420 0
42432789 4
293337366 0
42826008 0
42432795 2
103872796 0
42432799 2
42826016 0
2504882466 0
42826023 0
293337390 0
42432818 5
103872820 0
42434270 0
103872823 0
42432825 3
42826042 0
42826048 0
3778345281 0
42432834 3
42826053 0
3778345287 0
2504882506 0
2238282059 0
42432847 3
42826064 0
2238282070 0
42432856 0
298809690 0
42432861 14
42432871 1
596775998 0
42465657 0
42465660 0
42465661 0
42465664 0
1575123339 0
3250354584 0
42432928 2
42432929 6
42432961 2
42432963 5
42432966 0
42432967 0
42432970 1
42432974 0
42432975 0
595655123 0
595655124 0
42432983 0
42432985 3
42432990 2
42432992 1
42432994 0
4273797604 0
42432999 1
595786219 0
1754823149 0
2238282222 0
2238282226 0
42433014 0
42433020 0
42433024 1
2238282243 0
42433030 0
42433035 0
42433041 0
42433043 2
42433044 0
2140994070 0
595786268 0
297466397 0
595786271 0
42433057 1
595786274 0
2238282275 0
42433060 3
42433062 2
2238282279 0
42433064 1
42433066 1
42433068 2
42433069 1
42433072 2
42433075 0
42433077 0
42433080 0
42465849 0
42465852 0
42465857 0
3584752195 0
3584752198 0
3584752200 0
42433097 0
3584752205 0
42531407 0
3584752208 0
42433107 0
3584752212 0
3584752215 0
42433115 0
3584752226 0
3584752231 0
3584752242 0
42833001 0
42433151 5
2883385992 0
3584752265 0
1764424330 0
2238282383 0
3584752273 0
2238282386 0
3584752276 0
42793624 0
3584752281 0
2238282394 0
3584752292 0
302257265 0
596776052 1
42478027 0
42442733 2
42433229 3
42833017 0
42433252 0
293272293 0
42433272 0
42433281 0
1775270664 0
100662028 0
100662030 1
42433298 1
100662035 0
42433302 1
1996323624 1
42434354 1
42761006 0
42433339 0
302257290 0
2355624814 0
2355624816 0
3584752497 0
3584752508 1
3584752515 0
3584752516 0
3584752520 0
3584752522 0
3584752526 0
42466196 0
2059303830 0
4379966360 0
4379966362 0
4379966363 0
2355624862 0
4379966379 0
4379966380 0
3772840882 1
2059303879 0
42439842 4
103873489 0
4207143418 0
596776103 0
4207143421 0
42433537 0
42466306 0
42433539 0
42433542 2
103185415 0
42433545 0
42433547 1
42433550 0
42433551 1
42433554 0
2919234579 0
593886228 0
42433561 0
42433564 0
42433565 0
301497375 0
42433569 1
42433573 0
42433574 0
42433577 1
301497387 0
42433587 0
42439861 3
42499136 0
42433604 5
2059304008 0
42433611 7
42433620 1
42826837 0
42433625 6
42826843 0
42433644 3
42826864 0
42428947 0
42826868 0
42466423 0
42826872 0
42826878 0
416480385 1
42826882 0
42466438 0
42826887 0
42826890 0
2059304076 0
42826898 0
42920473 0
1740700830 0
302257351 0
42826926 0
42826930 0
3932847284 0
1807940789 0
3932847293 0
42871329 0
247073284 0
42433743 5
1241742563 1
42434428 1
42433779 0
61275380 0
42433800 0
4304633107 0
3884612885 0
42433822 0
1241742627 3
4191917276 0
103873839 0
1258875444 0
2047573317 0
596776163 1
276299101 0
103873891 0
42433901 0
764738926 0
588152176 0
588152191 0
2034007426 0
588152199 0
42478146 0
597294481 0
597294482 0
597294483 0
1241742743 1
597294501 0
276299179 0
3099327930 1
3099327931 0
2295070142 0
301497795 0
301497796 0
301497799 0
3099327944 1
3099327945 1
301497803 0
3099327948 3
3099327950 0
3099327951 0
3099327952 4
61275601 0
301497810 0
3099327955 2
3099327957 0
597294550 0
301497815 0
301497817 0
3099327962 0
3099327964 0
3099327965 1
3099327966 2
3099327968 0
3099327970 0
3099327972 1
3099327974 0
3099327975 2
3099327976 0
1692433907 1
1692433928 3
1692433932 4
1692433935 2
1692433940 5
1692433941 1
276299287 0
42434072 8
42434074 1
42478170 0
42434085 4
42434087 0
42434090 6
42434092 0
308641326 0
308641330 0
308641333 0
42434105 1
308641338 0
42434110 0
42825919 0
308641345 0
3778313813 0
588152411 0
42434140 0
42434142 3
42434145 1
42434148 2
4216045844 0
42434156 0
42434158 1
42434160 1
42434161 0
42919588 0
42434165 0
42434166 0
3831856759 2
42434168 0
42434169 0
3831856762 0
3831856763 0
42434172 1
42434175 3
42827392 0
42729089 0
42434179 3
42434196 0
42434201 5
42434205 0
42434215 5
451051181 0
42434226 2
42435516 3
588114548 0
3485078815 0
42439968 3
42434246 0
42434249 9
42467018 0
42434251 1
42424218 0
42467023 0
42467024 0
42434259 0
42434262 2
42434264 0
42434268 0
42467038 0
42434271 1
42434279 1
103874283 0
42434285 1
42434306 0
42434308 1
42499854 0
42434338 0
42434340 1
42434343 1
42434352 1
593854257 0
42893106 0
42434355 1
42434357 2
42434358 0
42434360 0
42434361 0
593854267 0
42434377 2
42434382 0
42434384 3
42434385 2
42434386 3
42434389 2
42434412 0
301498234 0
42434427 3
1209761660 0
42434429 1
301498239 0
42434434 0
301498245 0
42434439 3
301498248 0
298286988 0
301498253 0
42499982 0
301498258 0
42729363 0
1533280148 0
301498263 0
42440004 3
301498266 0
301498277 0
301498281 0
42434481 0
301498297 0
301498307 0
301498311 0
42500041 0
301498314 0
42500046 0
301498327 0
4161568740 0
4161568744 0
2524315626 0
2524315630 0
374472690 0
42860531 0
373882872 0
