373915670 0
1773076509 0
1773076511 1
1773076514 20
42827811 0
42860580 0
42827817 0
42860586 0
42860591 0
482541616 0
42860595 0
42860603 0
42827843 0
2302476358 0
302743630 0
302743633 0
302743637 0
302743638 0
302743640 0
42467417 0
302743643 0
302743645 0
302743647 0
302743653 0
373882982 0
42467431 0
302743657 0
302743661 0
1828749423 0
1828749425 0
302743666 0
302743667 0
302743668 0
301498486 0
301498490 0
302743677 0
302743678 0
302743679 0
302743682 0
302743686 0
302743689 0
302743694 0
42818131 0
301498515 0
301498516 0
301498517 0
301498522 0
301498523 0
301498528 0
42467507 0
42762422 0
42762425 0
60915901 0
293830851 0
293830854 0
42423674 2
301498592 0
301498594 0
301498596 0
301498606 0
42795247 0
301498608 0
103186674 0
301498614 0
42434807 2
103186680 0
42434810 0
2539225339 0
42434821 4
298287370 0
301498640 0
301498641 0
246874386 0
246874387 0
301498644 0
301498645 0
42434845 2
596776325 0
301498660 0
301498662 0
301498664 0
1773076778 0
42434871 0
42926395 0
42926398 0
42926409 0
42434894 0
42434895 1
42434898 0
301498711 0
42434904 0
42434905 2
301498714 0
301498715 0
42434910 1
42434912 0
761594218 0
42434935 0
2262434175 0
42434946 1
42434948 0
3248816517 0
42434951 1
42434954 0
246579597 0
42434959 3
42434962 0
42434965 1
246579608 0
42434969 1
42434974 1
479166879 0
597328292 0
42434989 0
42833309 0
42434992 1
598622281 0
4332700771 0
486867405 3
1544596217 0
3248816608 0
598622289 0
486867432 5
598622290 0
451052015 0
42467839 0
42467842 0
486867459 0
3248816651 0
302743641 0
103121435 0
486867490 2
246579751 0
246579753 0
486867513 0
2664563266 0
246874701 0
246874702 0
294093394 0
294093397 0
294093402 0
4207313499 0
486867548 3
4207313503 0
4207313504 0
370705004 0
103154290 0
294093431 0
294093434 0
294093435 0
42435198 0
42533517 0
294093454 0
42730127 0
294093456 0
294093457 0
294093459 0
294093460 0
42435222 2
294093463 0
294093464 0
294093466 0
294093467 0
294093470 0
42435231 0
294093473 0
42435234 0
294093476 0
294093477 0
294093479 0
294093481 0
294093483 0
294093484 0
1828749426 0
294093487 0
294093488 0
42435250 1
1828749427 0
42435253 0
42435257 0
42435261 3
42435264 0
42435265 0
42435266 0
42435269 0
3809536801 0
42435272 0
42435275 0
42435283 0
3809536804 0
42435295 0
42435301 0
42435308 0
42435310 1
42435312 1
42435316 0
42435317 0
2462253814 0
42435319 0
42435323 0
2709968341 0
42435328 0
42435331 0
42435333 1
42435335 2
42435336 0
42435337 1
42435341 0
42435343 0
42435346 0
3927578073 0
42435359 0
42435392 1
588546882 0
42435395 0
42435396 0
42435398 0
42435400 1
588546891 0
3008856911 0
3008856913 0
246580055 0
42435420 4
42435422 8
3008856931 0
3008856932 0
1927807845 0
246580071 0
42435448 1
42763131 0
42435456 0
297042819 0
42435470 0
42435472 2
42926995 0
42435477 1
42927001 0
42435491 1
42435497 0
42435499 0
42435504 0
42435509 1
42435514 0
62915516 4
42435518 1
62915521 0
42435522 1
62915525 3
42435534 0
62915536 0
1112485703 0
42435578 0
42435581 0
42435596 6
42435598 0
42435599 3
42435603 1
42435610 3
42435618 3
42435624 6
42435629 2
42435632 1
42435633 1
42435642 8
42435644 5
42435645 0
42435646 2
42435650 1
42435654 2
42435657 8
42435660 2
246580301 0
42435663 16
42435668 1
42435671 3
42435675 5
42435677 4
42435680 3
42435684 1
42435687 2
246580334 0
42435702 2
42435705 1
246580346 0
42435707 1
42435710 2
42435714 7
42435716 1
3325564441 0
42435736 1
3008857241 0
3008857243 0
302257690 0
3008857246 0
42534052 0
486868138 0
103875777 0
42501318 0
42435803 2
42435805 5
4288677093 18
246580466 1
2295039220 0
42435844 2
1577583880 0
42435850 1
42435852 0
705234189 0
42435856 2
42435860 4
42435861 0
42435863 2
42435865 0
103875869 0
3778381087 0
42435873 2
42435876 2
42435881 0
42435885 0
42435891 0
42435894 0
42435898 0
42736336 0
1506902240 0
42435916 0
3104245072 0
42435921 0
42435922 0
42435931 0
42435943 1
247072104 0
42429330 0
42435957 2
42468744 0
225183118 0
42796436 0
301498607 0
42434800 1
42796462 0
349242804 0
42436024 0
592643522 0
592643538 0
4216045817 0
42436056 0
42436060 0
42436064 1
42436083 1
1773078006 5
42436088 0
42731002 0
246580736 0
42436097 0
42731010 0
42833494 0
42436109 0
42731023 0
246580758 0
42731033 0
2711029280 5
42436129 1
42436134 0
42833501 0
42436149 0
42436152 0
246580797 0
589928034 1
42436181 0
746718807 0
42436187 1
42833510 0
302257767 0
247120148 0
589928042 1
3827336858 0
3827336862 0
3827336868 0
3827336883 0
42436285 0
42436288 0
42436293 0
42436308 0
42436316 1
274335455 0
42436322 0
42862310 0
3827599085 0
42436335 1
42436336 0
42436340 1
246580982 0
42436353 0
42436355 1
42436359 0
42436364 0
42436369 0
42436371 1
42436374 2
42436377 0
42436381 0
42436384 0
42436390 0
42436393 1
42436396 1
42436400 0
42436404 2
42436407 1
42436411 1
42436423 2
42436427 0
42436431 4
42436439 2
225183576 0
42469212 0
42469214 0
2411399009 0
42436475 0
42436477 0
42436481 0
42436484 0
42436486 3
486868873 0
42436492 1
2025097111 0
42436510 0
42436511 0
42436514 0
42436516 0
595462053 0
42436519 1
42436527 10
42436531 2
42796983 0
42436537 0
42436539 3
42436541 0
42436544 0
42436546 0
42436549 1
42436551 0
42469320 0
42436556 0
42895311 0
2075592658 1
301498702 0
42436567 0
301498703 0
42436575 0
247072736 0
247072737 0
42436578 0
277481443 0
42436582 1
42436586 0
42436590 3
42436598 0
42436604 0
42436610 0
42469382 0
42436619 0
42469391 0
42436624 1
42436627 0
42436630 1
301498713 0
42469400 0
42436637 0
598050847 0
42436640 0
42436641 0
42436644 0
42436647 0
42436651 2
42436653 0
103254094 0
42436700 1
42436701 0
42436703 0
42436705 2
42436707 5
42436710 8
588114961 0
42436714 4
42436719 0
42469489 0
42436726 0
103876732 0
371239958 0
42436746 1
42436748 8
42436751 1
42436753 1
42436754 0
42436756 1
42895509 0
597748762 0
42436770 0
42436779 1
42436784 0
42436788 0
42866377 0
42436793 0
42436806 2
42436807 0
42436812 1
3778729677 0
477530321 0
3786901732 2
42469606 0
42469607 0
3786901739 0
42469612 0
42469614 0
3786901747 0
103876853 0
42502404 0
42469640 0
42469645 0
4234578190 0
298289423 0
4234578192 0
4234578193 0
4234578194 0
42469651 0
2072447252 0
277481749 0
298289432 0
42469657 0
42436894 1
486869282 0
42436903 2
42436911 0
42436913 1
42436914 0
42436917 0
42436919 0
42436921 3
42436922 0
3278932287 0
3278932288 0
3278932289 0
3278932290 0
42764615 0
2351532363 0
42436941 4
42436942 5
2351532367 0
42436944 0
2351532369 0
42436947 0
2351532373 0
3278932311 0
3278932312 0
3278932313 0
42436957 0
2810120555 0
2140997998 0
2810120567 0
42436985 0
42436990 0
103115840 0
225184141 0
42926489 0
42437018 1
42437021 1
297109922 0
297109923 0
297109925 0
297109926 0
297109928 0
297109930 0
247073198 1
247073199 0
42437050 0
42437052 0
42437058 0
42437067 0
42437074 3
370870741 0
42437078 1
42437082 0
42437084 5
1506445797 0
42437108 4
42437109 1
42437113 3
42437114 4
42437118 0
42437124 1
247073285 0
42437128 0
246909454 0
42437135 0
42502674 0
297110049 0
4448520738 0
246876728 0
42437177 1
246876730 0
297110078 0
42437188 5
42437204 1
4012935769 0
42437222 2
103877239 0
42437280 0
42437283 1
42437287 4
42437289 1
42437300 0
42437305 3
42437312 0
42470082 0
42437319 1
752650952 0
42437324 3
42437326 0
3248816589 0
42437333 3
42437339 2
276204253 0
42437343 2
42437346 1
42437349 0
42437358 2
42429565 0
42437363 10
42437368 12
42437371 5
598054698 0
42437379 0
247073541 0
42502920 0
42437396 4
294062870 0
42437401 0
294062882 0
276204325 0
294062892 0
294062893 0
42437423 1
294062896 0
42437425 1
294062898 0
294062899 0
42437428 0
294062902 0
294062903 0
294062904 0
42437433 1
294062906 0
294062907 0
42437436 1
294062910 0
294062911 0
42437445 0
294062920 0
294062921 0
42437451 0
294062924 0
294062925 0
276204366 0
42437465 0
42437472 0
42437481 0
276204398 0
60918686 1
42437536 3
765889458 0
486869939 2
42437559 1
42437564 1
42470343 0
42470346 0
42437580 5
2034011088 0
42470354 0
297929685 0
3919350742 0
3919350743 0
42470360 0
3919350745 0
3919350751 0
3919350754 0
42437605 6
3919350758 0
42437608 0
3919350761 0
3919350763 0
42437612 0
42437613 0
42470385 0
42437618 0
42470387 0
42437626 6
42437644 8
3248816643 0
42437654 6
42437663 3
3325791265 0
42437670 6
106138663 0
42437678 0
42437686 1
42437688 2
42437693 4
42437699 1
2792787013 0
42440545 2
3569749093 0
3569749094 0
3569749095 0
3569749097 0
3569749098 0
3569749099 0
294095980 0
294095981 0
294095982 0
3569749103 5
246647920 1
3569749105 0
3569749106 0
3569749107 0
3569749108 0
42437749 0
3569749110 0
3569749111 0
3569749112 0
42437753 0
42437755 0
42437757 0
3569749119 0
42437760 1
3029929089 0
3569749122 0
42437763 0
3569749125 0
3569749126 0
3569749127 0
3569749129 0
42437770 0
42437773 3
42437775 0
3029929106 0
3029929108 0
3569749141 0
3029929110 0
3569749143 0
3029929112 0
3569749145 0
42437786 0
42732710 0
103877800 0
300570483 0
294096056 0
42429643 0
42437830 2
42437845 0
4235734224 0
42437874 0
42437881 3
246648063 0
42437890 1
42437909 2
42437914 1
42437917 0
42437918 0
42437921 1
42437923 0
593300772 0
42732842 0
42437932 0
42732852 0
3096612154 0
42437949 1
598248774 0
42437959 11
42437962 0
42437965 0
42437967 5
42437972 0
42437980 2
42437988 0
42437990 0
598248807 0
42437992 1
42437996 3
481201523 0
765365624 0
42732922 0
3096612222 0
42438018 0
42438024 0
42896784 0
3096612242 0
4011396500 0
4011396502 0
42438043 0
42896796 0
42438045 0
42438052 0
481201577 0
42896812 0
3224210865 0
42732983 0
42424225 1
593300940 0
3096612301 0
598043896 0
42825882 0
103222764 0
4011396596 0
103214336 0
42438155 0
42896918 0
3096612379 0
42438174 1
4207313500 0
42438186 0
42438189 0
42438199 1
246877761 0
246877762 0
1825803850 0
42438228 0
42438235 2
42438236 1
42438240 3
295013992 0
42883005 0
42438257 2
4332457588 0
42438275 0
103878277 0
42438281 0
103878291 0
42438292 1
42438295 0
42438297 0
42471076 0
294093426 0
42883019 0
103878349 0
42438362 0
1691389661 0
4209410683 0
42471180 0
42503949 0
42471183 0
42503956 0
42471197 0
42471201 0
247074607 0
246648626 0
42429747 0
296856884 0
42438463 0
42438476 1
471240527 0
42438485 0
42438487 1
42504024 0
42438490 1
42897243 0
588115258 0
42504031 0
42471265 0
42438498 1
42438503 1
42438506 1
42438509 1
42438513 0
3573482131 0
42504053 0
42438531 2
278630279 0
42438544 0
42438547 2
103878555 0
3846772721 0
42864553 0
3833447070 0
294093471 0
1764626366 0
3778744257 0
588115277 0
103878609 0
103878611 0
278630368 0
247074801 0
246878196 1
103190527 0
1504153604 0
752619534 0
42438672 1
42438674 3
1504153626 0
60919842 0
294093490 0
42438704 11
42438707 1
42504249 0
42504253 0
42799170 0
246878283 0
246878284 1
42438774 0
42438784 7
42438785 1
42864770 0
42438788 0
42438791 0
42438795 0
42864781 0
42438798 0
42438800 1
42438802 0
42438805 3
42438809 0
42438836 1
42438839 0
476025020 0
3630436544 0
42438859 0
42438862 0
1728266957 0
42438881 0
42438886 1
42451665 1
42438889 4
42438891 0
42438894 3
42733813 0
42438908 0
42438923 1
42438928 1
295276818 0
42471710 0
42438949 0
42471719 0
42438953 2
42471722 0
3204944172 0
42471726 0
42438961 1
42471731 0
42471733 0
42438971 0
42438973 2
1852281160 0
42471754 0
42471764 0
293802329 0
42439006 2
1544809872 3
42471779 0
42471785 0
42471787 0
42439025 0
1952059776 0
498897281 0
42439042 2
106074504 0
588546798 1
42439070 1
451019504 0
42439096 2
42439099 0
42440785 1
3976008171 0
2862420460 0
3976008173 0
3976008174 0
3976008176 0
3976008177 0
3976008178 0
278630910 0
246649343 0
246649344 0
246649345 0
42439170 0
42439178 2
42439181 1
42439191 0
3874689569 1
3874689571 1
42439207 0
42439210 0
3874689580 0
42439213 0
42439225 0
765596218 0
449581627 0
42439228 0
42439236 1
42832453 0
42439243 0
42439249 0
246649427 0
246649429 2
2025165403 0
1731564125 0
2025165409 0
2025165414 0
2025165415 0
42439272 3
2025165417 0
42439275 2
2025165421 0
2025165422 0
42439280 4
42439286 7
42461484 0
42439295 1
42832512 0
42429890 1
42832531 0
3477246612 0
246878874 0
246878875 0
246878876 0
42799780 0
42439345 2
103223998 0
42734286 0
103125713 0
42439389 0
42439392 1
246649570 0
42439395 0
2509345510 0
42439399 0
42734314 0
42439403 1
42439406 0
3639382767 0
42439409 1
42439416 0
370880729 0
761860869 0
42439440 14
596788016 1
42439464 2
42439488 1
42439490 0
42439497 0
627905367 0
42898265 0
42439527 1
42439530 0
42439533 0
308679535 0
42439537 0
103093107 0
596775808 0
42439553 0
42439556 0
42439557 0
42439559 1
42439561 1
42439563 0
42439567 1
596775825 1
42439580 3
596775840 1
42439588 3
596775851 0
596775852 0
596775855 0
596775856 0
42439601 1
596775867 0
596775870 0
293344192 0
76464971 0
596775876 1
596775882 0
274699215 0
3341915089 0
3341915090 0
3341915091 0
596775892 0
596775900 1
596775907 0
596775914 0
596775919 0
42439673 0
596775930 1
596775935 0
596775941 1
596775946 7
596775951 0
596775963 0
596775973 1
3008856924 0
596775979 1
596775985 0
764744759 0
103093310 0
103879746 0
302257223 0
596776009 1
596776017 1
42832979 0
596776021 0
42832982 0
42832985 0
596776027 1
42832988 0
42832991 0
596776032 1
42832996 0
42832999 0
596776041 0
42833005 0
596776046 0
42833009 0
42833012 0
471241849 0
596776063 0
103879816 0
596776074 0
103879819 0
103879821 0
596776078 0
42439823 14
42439826 1
596776083 0
42439830 0
596776089 5
42439834 6
42439836 0
596776095 0
42439840 0
42833057 0
246879394 0
42505383 0
476026026 0
42865836 0
42505389 0
42505393 0
596776115 0
277386421 0
596776120 1
42505402 0
596776127 0
60921024 0
60921025 0
596776132 1
42505415 0
42505420 0
2457398818 0
42439887 2
596776144 0
596776150 0
42505433 0
42439899 3
596776156 0
42439905 0
42435451 1
596776164 1
596776165 0
42439910 0
596776167 0
302257385 0
596776173 0
302257391 0
596776177 0
42439922 0
42439924 0
42439927 2
42439929 0
302257406 0
596776201 3
42439952 5
42439955 3
42439960 1
2619272751 0
42439964 1
488248607 0
596776224 0
2987758882 0
2987758883 0
42439972 3
302257448 0
42439981 4
42439984 3
42433138 0
42439990 3
42439994 2
42439996 4
42447323 3
42440001 0
42865986 0
596776260 1
42440009 1
302257482 0
42440012 1
42440015 4
302257488 0
42440020 0
42440022 3
42440025 2
1261680432 0
42833250 0
42505576 0
42833259 0
746132849 0
42833266 0
42440052 0
596776314 0
42833276 0
42440069 0
42768620 0
294065560 0
42833306 0
294065563 0
596776349 0
42833312 0
42833316 0
42833321 0
42833328 0
440243634 0
440243635 0
42833332 0
440243638 0
42833340 0
596776386 0
589927878 0
589927879 5
42866935 0
42440144 1
103880145 0
42833367 0
3927578072 0
42440153 2
596776413 0
440243680 0
42440163 1
42800613 0
42440170 0
3783071220 0
596776442 2
302257661 0
3783071232 0
219780613 0
302257671 0
302257674 0
3783071243 0
302257677 0
3783071246 0
440243737 0
596776474 2
302257711 0
596776497 1
589927991 0
42440253 0
277386815 0
42440258 0
42440270 1
589928020 0
3788379733 1
596776534 1
42440280 1
42440282 2
589928028 3
589928029 0
589928030 2
42440287 0
589928033 0
596776546 1
589928035 0
589928037 0
589928038 0
589928039 0
589928040 1
589928041 0
1251612266 0
42833515 0
302257784 0
42440313 4
3670414976 1
596776578 0
42440323 1
42440325 0
42440326 1
103869228 0
42440330 1
246650510 0
596776594 0
246650523 0
246650524 0
42440350 0
596776613 0
596776624 0
42505910 0
42440376 1
42440381 1
42866368 0
42440385 0
42866370 0
42866373 0
42505929 0
42833612 0
42866381 0
596776654 0
596776656 0
42440401 0
42833618 0
596776659 0
42440408 2
595105499 0
1701844700 0
4378236641 1
2503677681 0
42440452 1
42440453 0
42440456 0
42440459 2
42440463 2
42440465 4
42440469 1
42441007 1
598054695 0
1701844777 0
1773082410 0
595105581 0
42440494 1
3817760665 0
595105589 0
595105592 0
42440527 0
42440532 0
42800986 0
42473313 0
42440553 0
3817760667 0
42440565 1
42440566 0
42440567 1
103126910 0
103126912 0
42440577 0
595793811 0
42506170 0
42866622 0
482842560 0
42866625 0
4302903239 0
42866632 0
3252590541 0
3252590542 0
3252590543 0
3252590544 0
246650838 1
42866647 0
246650840 0
42866652 0
276207581 0
276207583 0
42866657 0
42866664 0
42866667 0
42440686 0
1112485544 0
61271722 2
42440710 7
42440721 2
42440729 5
42440737 4
3742668836 0
42440743 15
42440754 3
278632502 0
278632503 0
42506300 0
42735968 0
3778416706 0
1828749428 0
103880785 0
42440798 0
42473569 0
42440804 0
42440810 2
42440815 4
276207729 0
42440820 1
42440823 1
42440825 3
42473595 0
42440829 3
42440838 13
2411403404 0
42440850 0
65902741 0
42440854 1
42440873 0
42768584 0
301275344 0
42440916 0
42440918 0
42768599 0
42768611 0
42768613 0
42440935 1
42866920 0
42834156 0
42834164 0
42440951 2
42866942 0
42440960 1
42440966 1
42932488 0
42932492 0
42440973 0
1112485592 0
805771544 1
42441000 1
440244527 0
440244528 0
42441009 0
805771586 2
529799493 0
42867029 0
103881056 0
373889390 0
42735984 0
2321258879 0
299178371 0
42441099 0
2703104396 0
246913431 0
103881168 0
246651360 0
246651361 0
42473959 0
42801650 0
103881210 0
103881212 0
42506750 0
42899974 0
42441254 0
597826088 0
42441263 0
597826100 0
42441276 0
42441283 0
597826118 0
3842775629 0
42441295 0
42517603 0
3842775637 1
597826139 0
42932839 0
597826154 0
42801787 0
42932884 0
597826198 0
42932888 0
42736282 0
597826209 0
3096615590 0
597826217 0
597826225 0
42932921 0
1769708232 0
1769708236 0
449616592 0
42932948 0
246580345 0
42866365 0
2423522427 2
597727988 0
597727992 0
597727993 0
246651647 0
246651648 0
597728004 0
597728014 0
597728022 0
597728024 0
597728029 0
1541937951 0
597728036 0
597728040 0
597728043 0
597728050 0
42441535 0
42856246 0
60922694 0
597728082 0
42900309 0
42441564 0
42441569 0
103193445 0
597728103 0
42441587 0
42464834 0
3341917064 0
3341917065 0
3341917066 0
3341917067 0
3341917068 0
42856258 0
597728145 0
1541938066 0
597728147 0
597728148 0
597728149 0
597728150 0
597728151 0
597728152 0
597728153 0
597728154 0
597728157 0
597728158 0
597728159 0
597728160 0
3096615848 0
3096615849 0
3096615851 0
3096615852 0
3096615853 0
3096615854 0
3096615855 0
3891960758 0
3891960759 0
3891960760 0
60922812 0
103872546 0
42441668 0
42867654 0
103160779 0
3686051662 0
1112485711 0
3795557341 0
42900482 0
42736651 0
103881776 0
1919595917 1
42441805 1
42441823 2
3480362090 0
4156726384 0
494509169 0
60923008 0
914005129 0
42900636 0
1764400286 0
1764400302 0
42900657 0
1764400306 0
246652083 0
42900660 0
246652085 0
246652086 0
42900665 0
1764400318 0
42900675 0
357637334 0
1329098617 0
3480362200 0
42441949 0
42441950 1
42441952 0
42441953 1
42441956 1
42474733 0
42474746 0
42474795 0
246580445 0
3827330952 0
42446733 0
246881639 0
42802543 0
60923264 0
103882116 0
2645335433 0
3783073166 0
1260335139 0
246652323 0
246652326 0
42474924 0
4347534767 0
597269937 0
42474930 0
42442164 0
42474935 0
60923321 0
595729853 0
4347534783 3
597269952 0
3783073217 0
3783073218 0
597269955 0
246652365 0
42474960 0
3783073233 0
42474962 0
3783073253 0
2891718122 0
3783073260 0
3783073263 0
42441299 0
42442230 1
3783073271 0
42442247 3
3783073288 0
106110474 0
42442255 1
449388060 0
42442269 0
42442273 1
103870384 0
42442276 0
42442286 7
1215606708 0
1372888639 0
42835523 0
42835547 0
449388143 0
42835569 0
103882354 0
42835573 0
4379778679 0
42835588 0
42835590 0
42835593 0
42835597 0
768581265 0
42835602 0
42835606 0
42835611 0
42442410 1
42435869 1
42442417 0
42442422 0
246881975 0
295575225 0
42442432 2
42442445 1
2058919631 0
42442451 0
246652628 0
246652629 0
246652630 0
42442459 1
42442463 2
42442469 5
1773084391 2
246652650 0
246652651 0
42442480 0
1773084402 0
1773084405 0
1773084407 1
1773084410 1
42442492 0
42442502 0
588455694 1
588455698 0
588455700 0
278634272 0
246882084 0
42442534 1
471244587 0
42442542 1
42442549 0
1372888888 0
42442555 0
42442557 0
588455742 1
588455743 2
42737472 0
42442561 1
246652740 0
42442565 1
42442567 1
42442569 1
42442571 0
1372888911 0
246652755 0
246882133 0
42508120 0
42508123 0
4320108384 0
4320108387 0
42803046 0
42442613 1
42442618 0
103882621 0
42442625 1
42475395 0
42442628 0
42442635 1
42442638 3
42442642 0
42442645 0
246882202 0
246882203 0
42442656 0
42442659 0
42442664 1
1420631978 0
42442671 0
42901424 0
588455857 0
246882229 0
246882230 0
42442684 0
561035349 3
103882697 0
103882699 0
42442703 0
42442710 0
4331118556 0
42442717 0
42442722 0
42442723 1
42901476 0
385653414 0
42442728 1
2058919917 0
42442734 8
42442741 0
103882746 0
42442750 0
42442755 0
42442764 1
42442770 1
298917917 0
42442788 2
2058920003 0
2058920018 0
42442842 2
42442843 2
42442848 0
42442850 2
42442851 1
42442857 1
60924012 0
42442862 0
2058920052 0
42442870 4
42442877 0
42442881 0
42442889 2
42442891 4
42442895 1
42442898 0
42442902 1
42442906 0
42442910 0
42442913 2
42442918 5
42442931 4
42442933 1
42442935 2
42442937 4
42442939 3
42442943 2
42442947 1
42442948 2
42442949 0
42442952 2
42442955 6
278634700 0
42442957 2
42442959 2
42442960 1
42442961 7
42442963 6
42442977 1
42442983 0
1203806440 0
103162102 0
42443000 0
42443009 0
42443020 2
42443024 0
42443027 0
42443029 0
42443032 3
42443037 0
42443040 0
42443042 0
42443044 0
42443046 1
42443048 0
42443050 1
103162155 0
42443052 1
103260461 0
42443054 1
42443056 2
42443058 0
42443061 1
42443066 1
42443068 1
42443072 0
42443077 0
42443078 0
42443081 0
42443085 0
103260496 0
42443092 1
103260502 0
42443116 6
42443127 0
1203806626 0
4137591212 0
4320108989 1
1814471103 0
103162306 0
42436001 1
1805328840 0
42475983 0
42475986 0
2385813972 0
298918396 0
42443264 1
42443268 2
42443280 0
114662148 0
42430557 0
42476080 0
42443313 0
1825841715 0
42443320 1
42443326 1
42443329 1
42443332 0
42476102 0
42443336 2
595314103 0
42443341 0
42443344 1
42443346 0
42443347 1
42443349 1
42443353 0
42443363 0
42443366 0
42443373 0
42443381 0
42443388 0
246882948 0
246882949 0
42443403 0
42443406 2
42443413 2
1420632727 0
298918559 0
42443426 0
42803880 0
1279337135 0
4145586916 0
4145586919 0
541467370 0
3783088935 0
595337964 0
4145586932 0
4145586933 0
42443513 3
4145586940 0
42443522 1
1061531777 1
42443528 3
42443532 2
42443534 2
42443549 0
42443556 3
42443561 1
42443563 0
42443570 0
42443574 0
1792549689 0
42443582 0
42476352 0
1061531787 1
2482581646 0
42443612 0
42443613 0
42443614 1
42443615 5
42443618 4
748725094 0
595436395 0
42771315 0
597728063 0
42443659 0
42443671 6
42443674 1
42443676 0
42443680 4
60007350 0
1061531807 0
42935231 0
42476485 0
42447009 2
247079889 0
60007381 0
42476503 0
42476514 0
42476522 0
42476532 0
356623349 0
60007414 0
60007415 0
42476536 0
1538237434 0
42476545 0
42476565 0
42443804 0
42443810 2
42476585 0
42443818 1
42443821 0
486876219 0
42443844 0
42476614 0
42476625 0
42476636 0
103097446 0
42476648 0
103097454 0
42509423 0
42476656 0
42476669 0
694854792 0
694854793 0
2321294500 0
42443950 3
42476732 0
42443965 6
42443975 3
2321294536 0
60007631 0
42476753 0
60007643 0
60007644 0
297051385 0
42444028 0
42444043 0
4321748237 0
4321748238 0
42444049 3
42444051 1
42444055 0
42444060 2
42444069 0
297051435 0
42444081 0
3670418747 0
3341917069 0
42430691 5
42444116 0
42444123 0
42444129 0
597728146 0
3569749104 0
60917021 0
2433000860 0
42444200 1
42444223 0
4090176961 0
2348688837 0
42444230 0
60925389 0
293348823 0
42739178 0
1203709420 1
42444271 0
3734578672 0
42444277 0
42444279 0
42870277 0
42430722 1
2523309612 0
42444353 1
42441654 0
293348946 0
3928841146 0
293348989 0
42444414 0
42444424 0
42477215 0
3446679201 0
42477222 0
42444456 4
42444458 1
103098028 0
42444461 2
42477230 0
42752968 0
42444479 0
42477251 0
42477252 0
42444485 0
42477254 0
42444487 0
42477256 0
3971196618 0
42444491 0
3971196622 0
42444495 0
3971196627 0
42444500 1
42444506 1
3449988835 0
3449988837 0
103884534 0
1657546495 0
42804992 0
42444581 0
529049383 0
3785612258 17
60925784 0
60925795 0
3789563794 0
3932923797 0
42739615 0
371337150 0
247080924 0
299182056 0
3711838194 0
1659021301 0
60925950 0
1659021320 0
42444809 0
42444810 1
3891963915 0
42444812 0
42444814 0
42444817 0
42444820 1
42444827 0
42444829 0
42444832 1
42444833 1
371337250 0
42444835 0
42444854 0
4016646206 0
4016646214 0
493889629 0
42444897 0
2411145323 0
42444909 12
42444916 2
60926076 1
42444928 0
42444933 0
103098504 0
300853392 0
42444947 0
103884953 0
42444954 4
42444960 0
247081122 10
42444964 3
42444985 7
4191922366 0
42444991 5
4191922369 0
42445001 4
42445011 5
42445018 0
42445020 1
42445025 4
42445027 0
42445033 1
4235733228 0
42445037 3
4235733230 1
42445039 1
4235733233 0
4235733234 0
4235733235 0
42445051 3
4024150289 0
42447235 0
748726621 0
1904847201 0
1772136805 0
42838389 0
42445174 0
3778324860 0
587934079 0
42445185 0
42510722 0
42445196 0
300788122 0
42445215 1
300788132 0
4209420712 0
42445225 0
42445227 0
42445230 0
42445232 0
42445236 1
42478008 0
42445247 1
42445256 0
42445259 0
42445261 0
42445263 0
3562587903 0
42445310 1
42445314 0
42871299 0
42871307 0
42510861 0
3562587907 0
42478102 0
42478107 0
42496432 0
42871334 0
42871339 0
42445356 0
42445357 0
42871346 0
42445365 5
42445369 4
42871355 0
2836081212 0
42445374 1
42871360 0
42445378 3
42445382 0
42445387 0
42445390 8
42445392 0
42871379 0
42871386 0
42445404 0
42445409 0
42445411 2
42478180 0
42445413 2
42478183 0
42445417 2
42478191 0
42445426 1
587934347 0
42430914 1
42445466 0
42445474 0
42445479 0
42445481 1
42445484 1
42445489 0
42445498 1
42445511 1
42478283 0
42478287 0
42445520 1
42478289 0
42445534 2
607922912 0
42478307 0
42445543 0
247081705 0
247081706 0
42445548 0
247081711 0
247081712 0
247081715 0
42445558 1
42445561 0
3655086549 0
42445569 0
42740482 0
42445574 4
42480088 0
42445587 1
370924677 0
42478369 0
42445603 2
42445606 1
42478376 0
42445612 0
42445617 2
370913758 0
42445630 0
1472637761 0
42445634 1
42445635 0
42445640 1
42478411 0
42447330 1
42445649 2
42445651 0
42445653 5
42445656 3
42445661 3
42445664 0
42445666 0
42445667 1
42445680 1
42445702 1
2796727177 0
42824174 0
42463727 0
42445731 0
42445733 0
42445736 0
42445738 0
42445740 0
42445748 0
42904507 0
42445757 0
766749630 0
42445766 0
42445769 1
42445773 3
42445817 0
42445823 0
42445827 0
42445840 0
42445843 0
42839062 0
42839067 0
42839076 0
42445867 1
42441907 0
486868830 0
42445879 1
42445885 2
42445888 2
42441910 0
42445896 1
42445899 0
42445903 0
42445908 0
42445909 1
42445910 2
42474681 0
42445914 2
42445916 2
42445917 0
42445920 1
42445924 1
42445926 0
42445928 1
42445930 1
42445936 0
371207282 0
42445941 0
42445947 4
42445950 4
42445953 1
42839172 0
42445961 0
42445972 0
42445976 3
42511521 0
42445994 0
42871990 0
42431007 1
42446013 2
42446016 3
42446021 1
42872008 0
42446026 0
42424610 2
4235734221 0
42446031 0
42872016 0
42446036 0
42446041 1
42872042 0
42446066 0
42446070 0
42446072 1
42436614 0
42446086 0
42446093 0
42446099 0
296856858 0
561949979 0
296856879 0
296856881 0
42446132 0
42436489 1
1209576761 0
42446138 1
3919359296 0
42741058 0
42446147 0
42446152 5
296856905 0
1207381341 0
42446187 2
42446190 3
42511729 0
42446203 0
561950077 0
42446218 2
42446245 0
103230886 0
1209576872 0
42440397 0
42446266 7
42446270 4
4290981311 0
1105800640 0
42446275 4
277032406 0
2025097124 0
2025097125 0
42446331 0
42446337 0
1773121034 3
1773121036 0
42446353 1
42741268 0
42741272 0
42446363 0
42741276 0
42741279 0
42446386 0
300789307 0
300789316 0
42905185 0
42905203 0
766750326 0
42446455 0
766750329 0
42446461 0
42446466 3
42446472 1
42446478 2
103132816 0
1112485522 0
3582406293 0
42446488 2
1112485531 0
60927650 0
3919359655 0
42446504 1
42446506 0
277032631 0
42446521 4
42446528 0
42446533 2
42446547 1
42446552 1
3020369625 0
529051355 0
42446562 0
42446571 0
42446584 0
561950457 0
3036229377 1
3036229381 0
103100169 0
42446604 1
42446622 0
103132964 0
1061531429 6
42431111 0
1061531447 7
42938169 0
449621818 0
247072735 0
1061531454 2
42846177 0
2821304136 0
2821304137 0
2821304138 0
60927822 0
2821304143 0
2821304145 0
2954866520 0
1061531496 0
1061531500 0
42446701 4
1061531504 0
2954866546 0
1061531509 0
1773055865 1
2954866558 0
2954866560 0
42446723 1
1061531525 1
1061531527 1
529280909 0
42458435 0
1061531550 0
1061531566 1
42446772 1
3324555189 0
1061531575 0
42446778 1
1061531593 1
1061531596 2
1061531597 0
205008849 0
1061531603 3
1061531608 0
2473603044 0
3536400365 0
1061531631 0
1061531634 1
1061531637 0
1061531645 0
1061531654 1
42446875 0
1061531682 0
1061531683 1
1061531685 0
42446889 0
561950766 0
1061531695 1
1260335152 0
1061531707 0
1899245629 0
1899245632 0
1061531717 0
597241928 0
1260335181 0
1061531727 1
1061531730 0
1061531731 1
42446932 1
42446933 2
42446934 0
42446935 1
1061531736 1
766750812 0
42446941 1
42446942 2
42446945 0
42446949 0
1061531757 0
42446959 2
1764405361 0
1764405363 0
1061531768 0
42446971 2
42446977 2
42446986 1
42446987 5
1061531790 1
42446991 2
3655086224 0
42446994 3
42446998 0
42446999 1
1061531802 0
1061531803 0
42447007 1
1575006369 0
1061531810 0
1061531815 1
1061531818 1
42447020 3
42447030 0
1061531839 1
1061531847 1
42447060 2
598050852 0
370880731 0
42447069 1
42447076 0
42447084 0
695054577 0
695054578 0
370880761 0
42447105 0
42447115 1
42447126 0
42447132 0
42447136 0
42447144 0
42447149 0
42447166 2
42447169 1
42447174 1
42447176 1
42447179 1
42447182 2
3053662545 0
42447187 0
42447192 0
42447196 0
42447199 2
695054688 0
389001587 0
42447228 1
42447230 0
370914027 0
42447237 0
42447246 0
42447249 0
60928432 0
42425758 2
42447295 0
42447303 0
42807752 0
3655086537 0
42807755 0
42447308 0
42807758 0
42474915 0
42447317 2
42480086 0
42807768 0
42807771 0
42447326 0
42807778 0
42807781 0
746211409 0
298562032 0
42480120 0
42807812 0
42807818 0
308693079 0
598290960 0
42480149 0
308693081 0
193868326 0
42447399 0
42447404 0
42447418 0
42447428 0
42447435 0
300855889 0
4115968601 0
598291035 0
42742384 0
60923328 0
598291074 0
42873480 0
42513041 0
42802627 0
42742426 0
598291108 0
598291114 0
4234425009 0
4234425018 0
42742468 0
4234425037 0
300856014 0
4234425039 0
103199460 0
4249006825 0
4249006827 0
595407625 0
595407628 0
298562323 0
3919359299 0
42808162 0
42808170 0
42808189 0
42808193 0
42808195 0
2891718127 0
595801009 0
595801154 0
595801156 0
595801157 0
595801158 0
301910199 0
1901016191 0
2447553689 0
42841242 0
1989096622 0
2447553712 0
2447553713 0
42874036 0
42874050 0
3875091651 0
42874057 0
42874058 0
42874059 0
42874060 0
3783144654 0
42448081 0
42874069 0
42874072 0
42874074 0
42874076 0
42874078 0
60929249 0
42874087 0
4382842407 0
4384069429 0
60929278 0
373929217 0
4382842415 0
42448162 0
42743079 0
42448171 1
42874179 0
42874186 0
42448203 0
42874192 0
42448216 0
42448238 1
42448254 1
42448257 0
1919595910 0
2883532168 0
1919595914 1
1919595915 8
1919595916 1
42481037 0
1919595918 3
1919595920 0
247084433 0
1919595922 0
1919595924 0
1919595925 2
3834459542 0
1919595927 3
1919595928 1
1919595929 0
247084442 0
247084443 0
298792355 0
42453236 2
595703226 0
42448317 0
42448326 5
42448329 0
42448338 0
3091412470 0
42448379 5
103855619 0
3272816133 0
42448390 2
103855623 0
595703304 0
42448430 0
3569858104 0
3569858112 0
42425955 0
42448469 1
3630249566 0
103855742 0
2072447253 0
42841755 0
42841760 0
42448549 0
42448552 2
42448554 0
42743468 0
42841773 0
42448558 0
42841778 0
42448563 4
42448568 2
42743481 0
42448570 0
3579426492 0
42841790 0
4379778677 0
1251456706 0
1251456707 0
1251456713 0
488257229 0
42448593 0
3341858521 0
3341858522 0
3341858523 0
42874596 0
296859370 0
296859373 0
103855858 0
42874618 0
296859388 0
42874622 0
42874625 0
42874628 0
42874631 0
42874636 0
42874640 0
296859413 0
42874646 0
3705255709 0
296859423 0
1261680417 0
42448674 0
1261680422 0
1261680426 0
1261680429 0
296859440 0
1261680434 0
42448693 2
1261680442 0
1261680445 0
1261680449 0
42448707 5
1261680453 0
1261680455 0
1261680457 0
3037017930 0
1261680460 0
588592974 0
1261680467 0
42448726 1
42448729 0
42465072 0
42448745 1
588593059 0
42907558 0
42448811 0
42448813 1
42448828 0
42436939 3
42481610 0
42436943 2
103135210 0
2991208461 0
247085079 1
42442415 1
480491548 0
42448930 1
276314176 0
276314179 0
276314180 0
561035333 0
276314182 0
276314183 0
561035338 0
561035343 5
301545554 0
301545555 0
301545556 0
301545557 0
561035350 0
561035351 0
561035357 0
561035358 0
561035359 1
561035360 2
561035361 3
561035362 0
561035363 0
561035364 1
561035365 0
561035366 1
561035367 0
561035368 2
561035369 0
561035370 4
561035371 0
561035372 3
561035373 1
561035374 1
561035375 1
561035376 0
561035377 1
561035378 0
561035379 1
561035380 1
561035381 0
561035382 1
42449017 3
301545594 0
42449021 4
301545598 0
42449023 0
301545602 0
301545603 0
42449029 0
276314246 0
301545614 0
42449045 0
103856288 0
42449067 0
3829872815 0
42491592 0
2439690418 0
1478572211 2
42449076 0
42449089 1
2439690438 0
588593353 0
42449098 0
2439690443 0
246649346 2
1478572253 0
42449127 0
42449187 0
42744103 0
2340960600 2
42482011 0
661993821 0
42514785 0
42842479 0
42482034 0
588036470 0
588036474 0
42842492 0
42482048 0
42442475 0
298563974 0
3655086558 0
42449308 2
103856544 0
42449314 2
42449333 0
103201208 0
103201209 0
42449341 0
42842559 0
42449345 2
42842564 0
42449352 0
588593611 0
42842573 0
482654674 0
42842580 0
42449390 0
42482165 0
1251457537 0
42449413 0
42449422 2
42514959 0
42449427 1
2216999449 0
301546019 0
2216999460 0
42482227 0
42514998 0
42512016 0
2548042170 0
42908259 0
42515050 0
42442514 1
1506445762 0
42449550 1
42908315 0
1814477468 0
42449570 0
42449576 1
3783146160 0
3783146162 0
42478194 0
3783146166 0
3783146170 0
42449597 2
3783146174 0
42449600 1
42442528 0
42482372 0
3783146184 0
42449613 2
42449627 0
42482398 0
42449631 0
42449634 0
42449637 1
42449639 0
42449641 2
42449644 1
370870738 0
42449653 1
42449654 0
42449656 0
42482429 0
42482433 0
42802987 0
42449683 0
42449685 4
42449689 0
42449691 0
767998755 0
247085867 0
103856943 0
482655039 0
42482509 0
42442552 1
42908498 0
307870549 0
42908503 0
307870558 0
42737467 0
42908517 0
598227824 0
42482552 0
42442559 0
42482557 0
598227849 0
246889362 0
529054613 0
60923716 0
42449833 0
42449840 1
247086019 0
279151954 0
42431650 0
598227919 0
42449874 5
42449886 4
42449890 0
42449893 2
1506445822 0
480492539 0
42449918 4
42449926 1
42449928 5
42449932 4
103103505 0
42449938 2
42449942 2
42449945 3
42449947 0
42449948 1
42449954 0
42449956 4
42449961 1
42449963 5
42449971 0
42449979 4
1815133244 2
42449982 2
42449985 0
42449991 1
4235738196 0
42450009 1
42450015 0
42810468 0
480492646 0
42450025 1
42450028 0
42450030 0
42450035 0
482655348 0
42450037 1
42450044 1
42450048 0
42450052 0
42843270 0
42450055 0
42450057 1
298564749 0
3977886863 0
3977886865 0
42450066 1
42450071 3
42450080 0
42450083 1
293780657 0
293780668 0
293780670 0
293780672 0
42843340 0
103136467 0
42874062 0
4019305696 0
103136485 0
1692450029 1
4019305710 0
42908911 0
4019305715 0
42908922 0
3749657851 0
302464258 0
4019305744 0
4019305747 0
4019305749 0
4019305765 0
4019305786 0
42450275 0
598031719 0
42941801 0
246857083 1
246857084 1
103866263 0
480492947 0
4019305890 0
42442651 0
42450341 1
3891969467 0
3891969468 0
3891969470 0
3891969471 0
4019305931 0
4019305940 0
4019305942 0
300563943 0
300563945 0
300563947 0
300563948 0
247119341 0
42450426 0
1893285378 0
4244408921 1
42450456 0
42515994 0
42450460 0
42450468 1
3785702957 0
3785702958 0
247122525 0
247119420 0
247119422 0
3477651017 0
42497866 0
246890098 0
1657650822 0
1657650826 0
3392519824 0
3392519826 0
3392519828 0
3392519830 0
3392519831 0
3392519833 0
3392519835 0
3392519839 0
3392519843 0
42917830 0
3392519846 0
3392519848 0
598228660 0
3392519863 0
3392519865 0
3392519867 0
3392519868 0
3392519869 0
3392519871 0
3392519878 0
3392519879 0
42483410 0
42483414 0
247119596 0
42483438 0
42453630 1
449658617 0
42450688 3
597311233 0
4143824664 0
3579133722 0
3579133724 0
246890279 0
42483504 0
103137081 0
42876764 0
42483551 0
42483560 0
42876788 0
42876791 0
42876795 0
42909564 0
3096657792 0
42450820 0
247119753 1
247119759 0
247119760 0
247119761 0
1205714835 0
42778520 0
103137183 0
247119784 0
247119785 0
247119786 0
103202760 0
103202782 0
247119856 1
247119857 0
3096657911 0
1773060097 1
1773060099 0
278609934 0
1254408221 0
598622240 0
598622241 0
598622261 0
598622265 0
598622267 0
598622270 0
76464195 0
598622278 0
598622280 0
42844233 0
598622288 0
42844241 0
308363346 0
246890579 0
598622293 0
300859478 0
598622296 0
42844251 0
247119974 0
42844264 0
103096338 0
42844271 0
3857334397 0
42844299 0
567820429 0
42844306 0
103235749 0
103858345 0
103235767 0
103858361 0
295518407 0
103235788 0
42516686 0
42516693 0
42516695 0
4216045795 0
4216045798 0
4216045800 1
42516713 0
4216045802 1
4216045804 0
42844397 0
4216045808 0
4216045810 0
42481022 0
4216045816 0
246923513 0
4216045821 0
4216045822 0
4216045828 0
42481025 0
4216045832 0
4216045834 0
4216045835 0
4216045838 0
4216045840 0
76464404 0
247120149 0
247120150 0
4216045847 0
4216045848 0
4216045849 0
76464410 0
4216045851 0
4216045852 0
4216045854 0
1919595912 1
3834459531 0
103858511 0
766001495 0
1919595921 4
247084436 0
3184509306 0
103858562 0
42910092 0
42513816 0
1632878994 0
3630219668 0
103858585 0
103858587 0
42451370 4
3420766635 0
3420766636 0
42484164 0
42484167 0
42484171 0
4375003603 0
42484186 0
247120348 0
42484200 0
103858697 0
694895124 0
42437384 0
103858748 0
3857400388 0
3857400393 0
2058920035 0
3857400404 0
3857400409 0
42451564 3
76464754 0
42812019 0
250546966 0
42451593 0
373932683 0
42451604 0
294062873 0
3569402521 0
3833447069 0
598033054 0
2481865390 0
42746544 0
246858431 0
246858433 0
42451650 0
246858435 0
42451660 1
246858445 1
246858448 0
246858449 0
42451674 3
42451695 0
42451736 0
76464924 0
42451744 0
42451754 0
1506591534 0
1506591536 0
276316979 0
42451766 0
42451773 0
42451787 0
42910587 0
3285697426 0
42877845 0
246891414 0
42877849 0
42877851 0
246858654 5
3285697439 0
42877856 0
42877861 0
76465081 0
746243097 0
746243101 0
42452006 1
42452015 0
42779698 0
42779702 0
42452026 0
42484806 0
42452040 0
42746959 0
42452056 0
42452067 0
42452076 0
42452084 0
42452107 0
42452117 1
42452130 0
1272562861 0
42452147 1
60924107 0
2423997639 0
4332700903 0
1272562931 2
373933306 0
42779909 0
103859491 0
42747177 0
42747180 0
61261104 0
42747188 0
42747190 0
42452290 0
1775176473 0
42452314 1
597443933 0
1209943391 0
597443942 0
42452330 1
1545532990 0
42452353 1
42452365 3
42432068 3
2499757467 0
600524194 0
42452396 1
597444020 0
597444023 0
595314104 0
597444030 0
597444036 0
595314120 1
76465622 0
103171552 0
4145432042 0
42825301 0
3391966123 0
42452485 0
42452495 3
42452564 0
103162133 0
42452610 0
42452613 0
3377383055 0
2041169566 0
2302133933 0
42845872 0
103859910 0
2313537249 0
42452708 0
3903014642 0
3562587893 0
3562587894 0
3562587895 0
3562587896 0
3562587897 0
3562587898 0
3562587899 0
3562587900 0
3562587901 0
3562587902 0
42437589 3
3562587904 0
3562587905 0
3562587906 0
593839875 0
3562587908 0
593839881 0
3919350744 0
593839894 0
663799618 0
42452809 0
42452812 0
42452814 2
42452816 0
42452817 1
3919350757 0
299386721 0
3919350760 0
276318087 0
42470380 0
42452875 3
42485646 0
42452882 1
103162181 0
1293174690 0
42846142 0
42846147 0
42846151 0
42485710 0
42452951 0
42452954 0
42452956 2
42432165 3
42443088 1
42452973 10
42452975 3
2823833584 0
3839412209 0
103172087 0
42841770 0
42453000 0
42518540 0
42453005 0
42453007 1
42453011 0
593840148 0
3099326126 0
42911782 0
42453038 0
42453059 0
42497720 0
685164631 1
402475097 2
301910107 0
42841786 0
2010237030 0
42453104 1
301910133 0
301910138 0
42432191 1
301910152 0
301910153 0
301910154 0
42841795 0
301910165 0
301910176 0
301910180 0
42453158 0
42453166 2
2324482224 0
103205043 0
42453175 1
42453177 1
42453183 0
42453187 1
103205062 0
301910215 0
103205070 0
103205077 0
301910237 0
42453216 0
42453220 0
42453226 3
42748139 0
103139570 0
752535796 0
42453241 1
42453246 2
42453251 0
42453253 2
3285698869 0
3285698876 0
42453310 0
42486083 0
3285698885 0
3839412552 0
42453365 1
42453395 1
42453398 0
42453417 0
42514162 0
3919350764 0
42453541 0
42453545 2
42453548 0
42453555 0
42879545 0
42453564 1
103860806 0
42453575 0
103860811 0
42879564 0
42453586 1
4019305919 0
42486362 0
247122523 0
247122524 0
42486365 0
42453601 0
247122531 0
42453604 6
247122533 0
247122534 0
42453607 0
42453610 2
42453613 0
42453624 0
42846846 0
490457730 0
490457737 0
3569749101 0
3569749102 0
42432282 0
294095984 0
42453691 0
3569749109 0
42519250 0
42453717 1
106089178 0
103860955 0
103860969 0
42453757 1
42453773 1
42453777 1
3569749123 0
1381944089 0
42874672 0
597773093 0
597773094 0
597773095 0
597773107 0
42748728 0
42432308 1
3569749130 0
597773119 0
42748737 0
597773128 0
3391966026 0
673008462 0
3569749133 0
3391966039 0
103107428 0
42448701 6
103861105 0
42825534 0
3569749140 0
103861117 0
103172991 0
3814476678 0
42453902 0
3814476688 0
3569749144 0
3391966112 0
3156429739 0
42453934 0
42825544 0
42453943 1
42448714 1
42453952 1
42514254 0
42760015 0
42453986 0
42453999 1
42454006 0
42454010 0
42454012 0
42912771 0
42912776 0
247122967 0
247122968 0
247122969 0
42454042 2
42486817 0
42448735 0
3448818752 0
42432352 2
42454102 0
42749016 0
2468400256 0
2468400257 0
103861405 0
103861407 0
247123109 3
42454189 0
42454192 0
42454196 0
42454209 1
103861445 0
3579432156 1
3579432160 0
3579432161 0
3579432162 0
42519809 0
42519812 0
2411416839 0
4217720078 0
4217720080 0
4217720082 0
4217720084 0
42487063 0
42880308 0
42454325 12
42454328 0
1369722081 0
42476088 0
42454368 1
529288546 0
4244360547 0
42454378 0
42454381 0
103195198 0
3853864315 0
42454401 0
274681226 0
42454423 1
42454428 0
42454433 5
370888100 1
3842788780 0
4374613428 0
4374613430 0
1825841739 3
42454495 0
42421728 1
42421731 0
42421737 0
42421741 0
42421745 0
42421749 0
370893396 0
42454522 1
42421769 1
42454538 1
42421772 0
42421775 0
42421776 1
42421783 2
42454553 0
3857343067 0
42421800 0
42421803 1
42421806 1
42421809 0
42421810 0
42421820 0
3857343072 0
42454600 0
42454611 0
4191917275 0
42454622 0
2435108453 0
3857343079 0
1773063789 0
2435108462 0
42421877 2
42421889 1
42454660 0
42847895 0
247123611 0
247123612 0
42454691 0
42454701 0
103861936 0
42421941 0
42421951 0
42421960 0
42421965 0
42421969 1
42421972 0
42454742 0
42421982 0
42421985 0
42421993 0
42421996 1
42422000 2
42422006 0
42487551 0
42422016 0
42422018 0
42487555 0
42487558 0
42422026 0
42487564 0
42454798 2
42487567 0
42487570 0
42422038 0
42422042 0
1695371036 0
4145794845 0
42487583 0
4321038135 0
4321038136 0
587812665 0
4321038139 0
4321038144 0
4321038145 0
4321038147 0
4321038149 0
3446656845 0
3446656847 0
765251408 0
246861652 0
3446656856 0
42749785 0
765251431 0
103173996 0
276320116 0
42749813 0
3502019745 0
4012724160 6
42454994 1
103862228 0
42454997 0
593300815 0
42455007 2
42455013 1
42422258 0
42422270 0
42455039 9
406048768 0
1793478658 0
1793478660 0
42471829 0
42422283 3
294998032 0
42455059 0
42455083 1
103186672 0
42455113 0
2799390796 0
42455119 3
3377461262 0
4145434712 0
103191038 0
4129804713 0
276385904 0
721834106 0
721834109 0
42881151 0
42455175 1
42520715 0
42455181 0
103207071 0
42455200 0
42520740 0
42815676 0
42455234 0
42469653 0
103108806 0
42455245 0
42455252 2
42455259 0
42815780 0
42455335 0
42455337 2
373936427 0
42815799 0
42815807 0
42422592 1
42815820 0
42815824 0
42815829 0
42815834 0
42455396 0
42455412 1
4145586922 0
247128811 0
4129804701 0
4129804702 0
4129804711 1
595481001 0
373903786 0
276314186 0
42455493 2
103174599 0
2472137170 0
42455509 2
42488278 0
42815975 0
42815983 0
2472137215 0
42488328 0
42488343 0
42521134 0
42488408 0
42448996 2
42488411 0
470209120 0
470209122 0
301545575 0
42488429 0
42455662 0
42455666 0
42422899 1
42455675 1
295228034 0
301545580 0
42455693 1
42455694 0
42455695 0
247222929 0
42449007 0
42436935 1
42449010 3
301545587 0
42455735 1
42488507 0
222024381 0
276314230 0
42455751 5
42455761 1
222024417 0
597414626 0
597414627 0
597414628 0
42423020 12
561042188 0
561042190 0
561042191 0
561042192 0
561042193 0
561042194 0
561042195 0
561042198 0
561042199 1
561042200 0
3360772889 0
561042203 0
561042204 3
42423070 0
222024487 0
42455867 2
42423101 1
3946500927 0
3946500929 0
42423116 3
42455887 0
597414736 0
597414738 0
4115878744 2
42455897 2
559862621 0
42455915 1
42849138 0
42455929 0
42455931 0
42455932 1
42455934 0
1538237248 1
597414788 0
597414789 0
597414802 0
597414803 0
42455963 1
597414813 0
42423203 0
42423206 0
597414825 0
597414826 0
103863232 0
103863234 0
103863241 0
4217721804 0
4217721808 0
4217721811 0
4217721814 0
42849240 0
4217721818 0
4217721820 0
42849245 0
4217721822 0
4217721825 0
42431490 1
4217721827 0
4217721829 0
4217721831 0
42456041 2
4217721837 0
4217721840 0
42456049 3
4217721842 0
4217721844 0
4217721846 0
4217721848 0
4217721851 0
42456060 0
4217721854 0
42423295 1
4217721857 0
42456066 1
246862852 0
4217721864 0
4217721866 0
42456076 1
4217721871 0
4217721874 0
42456084 4
4217721878 0
4217721881 0
42456091 2
4217721884 0
4217721887 0
4217721890 0
42423331 0
42456101 2
4217721896 0
42456107 2
596366381 0
42456110 1
42456115 5
42456162 0
42825916 0
42488944 0
103863417 0
2141026495 2
42456197 0
103863432 0
42423456 7
2963821760 0
42521803 0
42825933 0
3847026390 0
4398994649 0
42456297 0
42456303 0
42423549 0
42456331 0
42423564 8
42423565 0
3884569924 0
3884569931 6
42427278 0
42521949 0
42849630 0
42521956 0
42849642 0
103241068 0
42432744 0
42849658 0
42849669 0
42849703 0
42456492 0
42849714 0
579655095 0
42432756 1
42849730 0
103863750 0
42423752 0
42825975 0
42849740 0
42849745 0
42849749 0
42849753 0
42456543 1
427840998 1
4290991591 0
42456555 2
42456568 2
42456575 1
42456578 0
42456598 0
42456611 0
427841062 0
427841071 0
427841073 0
103883702 0
42423885 4
42456683 0
42456708 0
42456711 0
977458841 0
42718876 0
752178858 0
42476487 0
3778729670 0
42432802 1
42424025 0
42424032 0
1332762348 0
42424089 18
42424098 6
42424109 1
42456888 0
1332860731 2
3686061906 0
3686061913 0
3686061914 1
3686061920 0
3686061922 0
42438291 0
300570488 0
300570489 0
103110531 0
42454679 0
42817428 0
42456986 0
42882973 0
42882974 0
42882975 0
42882977 0
42817446 0
42882983 0
42882987 0
479156141 0
42882996 0
297097141 0
42882999 0
297097144 0
42883002 0
42817469 0
42883008 0
42424258 0
42883012 0
42489803 0
42883022 0
42883028 0
42883064 0
42489860 0
42424334 0
42883096 0
42424347 0
42883101 0
42424354 0
42915899 0
42424382 0
42424408 1
246874388 0
42424427 0
42424439 1
42457209 0
2472695933 0
103864489 0
295229623 0
529062089 0
247224529 0
103209178 0
42457311 0
42457319 0
42817771 0
42457325 0
597711097 0
432756990 0
42421974 1
103864595 0
103864601 0
103864602 0
103864606 0
42424609 0
298604834 0
1761401124 0
298604839 0
42424619 0
42424672 1
103864694 0
103864695 0
598268281 0
42424703 1
42457476 0
296933778 0
296933779 0
296933786 0
2340960668 0
103864749 0
103864751 0
42424789 1
42436326 0
103864793 0
298605029 0
3009534450 0
3009534454 0
3009534455 0
3009534459 0
42487552 0
3009534469 0
3009534470 0
3009534472 0
42424851 0
427842070 0
42424864 3
42719790 0
598202928 0
42719798 0
42457660 0
42818110 0
42818120 0
42422028 3
1993136714 0
103144019 0
1993136726 0
1241864793 0
42424937 0
42457728 1
42818182 0
42457735 0
42449005 0
42818193 0
42818203 0
42818207 0
42818209 0
103872966 0
247224999 0
1733614298 0
42457821 0
100522728 2
3783088880 0
100522741 0
42432980 0
103865124 0
42425127 0
246648627 0
4347733129 2
390519635 2
42425232 1
595786222 0
42818471 0
42818480 0
42752947 0
42818487 0
3928841144 0
42818490 0
42752956 0
42752959 0
42752962 0
42752966 0
42818504 0
42818511 0
42818515 0
246861647 0
42818528 0
2512378850 0
3785612259 9
374463462 0
42818542 0
103865337 0
103865342 0
42458112 1
42818563 0
42425348 1
42818567 0
42818573 0
42433027 0
42476718 0
103865370 0
277385050 0
42514949 0
103865376 0
42523684 0
103865393 0
42440290 0
254342115 0
42441382 0
42490968 0
42866924 0
42433046 0
296377496 0
103865533 0
103865535 0
103111874 0
103865542 0
42458313 0
42433058 2
103865552 0
42753240 0
42458333 1
42753246 0
42425570 0
42458342 2
42523893 0
103865593 0
482663674 0
3581500675 0
103865632 0
42449027 0
3248774449 0
103865667 0
42425681 0
42491226 0
42864528 0
595352937 0
278630291 0
42753396 0
42753403 0
42753407 0
42753413 0
103865739 0
42753425 0
42851731 0
42753429 0
42753432 0
42753435 0
1762221470 0
103865766 0
3413663146 0
559865278 0
703585743 0
703585744 0
3656019783 0
2419285518 1
4382842396 0
4382842398 0
103177764 0
402480678 0
4158807591 0
4382842410 0
4158807596 0
42491439 0
4382842416 0
4382842417 0
4382842419 0
4382842420 0
42491450 0
103177788 0
1764626363 0
42458728 0
1490116221 0
103865986 0
42458766 0
42426011 0
42491554 0
42491565 0
42491569 0
205020852 0
42491582 0
42491585 0
1773067972 0
272195270 1
272195271 1
272195272 2
42491599 0
42884818 0
42491613 0
42491625 0
42491627 0
103862226 0
42491632 0
42491638 0
42491641 0
42491642 0
42753795 0
598433545 0
42753809 0
297051441 0
42426172 1
42458943 0
42786626 0
103112569 0
591454081 0
103866250 0
42786700 0
1764424345 2
42459041 0
42786722 0
42455026 0
2947964848 0
103866300 0
596271046 0
42459098 1
42459114 1
103866348 0
42917869 0
42819566 0
42917872 0
42819569 0
42459137 0
42426374 0
295231527 0
42459180 1
701063220 0
370892861 0
42455051 3
2809356357 0
42474150 0
731930706 0
471240718 0
42885345 0
3019038994 0
42885400 0
3019039006 0
3019039007 0
298606882 0
42492196 0
42459436 1
42492210 0
298606926 0
42492239 0
293272292 0
42459493 0
42426747 1
4145439100 0
4145439101 0
4145439102 0
103309701 0
103866758 0
103309709 0
293790120 0
42426799 2
293790139 0
42426816 0
42852816 0
42482424 0
1506599378 2
479715801 0
479715815 0
4382384621 0
42426865 0
103866867 0
2548031991 0
2548031992 0
42492409 0
42492415 0
272196096 0
1740694093 0
370893395 0
299098708 0
42426971 4
3857343069 0
371188320 0
3857343073 0
479715943 0
3857343080 0
103866985 0
529556095 0
42427009 0
42885762 0
103867019 0
103867026 0
2012177085 0
42427086 0
42427112 1
42427115 1
247128812 0
247128814 0
42427122 1
106717940 0
106717941 0
42427126 0
42427128 0
42427133 0
42427136 1
42427139 0
42427143 0
42427146 0
42427150 0
42427152 0
42427156 0
597844758 0
42427159 0
42427164 0
42427168 1
42427867 2
1754817317 0
1754817323 0
42427185 0
42427190 0
42427196 0
597844800 0
42427206 0
42427212 1
42427216 1
103867217 0
246866788 0
246866793 0
246866798 0
246866806 0
246866810 0
42492802 0
246866828 0
246866830 0
42427281 0
246866840 0
42427290 0
42427300 0
42427305 0
42427307 0
42427311 2
42427316 4
42427319 1
42427324 2
42427327 3
42427335 1
42427346 0
42427352 0
293266393 0
42427358 2
3974095843 0
42427369 2
42427371 3
42427374 0
42427381 1
42427386 0
42427390 0
42427393 3
371188750 1
1642095632 0
42427411 0
42427423 1
42427426 3
42427427 2
247227451 0
1545167946 0
42427477 0
42427483 2
42427494 2
103867498 0
42427507 0
60810374 0
3584752496 0
42455238 0
103867568 0
3040306365 1
42722498 0
302245078 0
103867611 0
42820836 0
42820840 0
42433404 0
3817760020 0
3817760021 0
42493206 0
3817760023 0
3817760024 0
3817760025 0
3817760026 0
3817760027 0
3817760029 0
3817760030 0
3817760031 0
3817760032 0
3817760033 0
3817760034 0
3817760035 0
3817760039 0
3817760041 0
3817760043 0
3817760045 0
3817760047 0
42482569 0
302245181 0
302245184 0
42427742 1
42427744 1
42427762 0
42427769 1
2404083070 0
42427780 2
42427786 1
42427787 3
42427797 2
61269400 0
42427972 0
42427805 3
42427812 6
302245287 0
42427817 0
42427821 2
42427824 0
42427828 3
42427844 1
3554502085 0
42427852 0
42427855 0
42427859 1
42427863 0
42493403 0
42427870 4
42427873 1
42427877 0
42427881 1
42427894 0
42427915 2
42427919 0
42427926 0
42427965 5
432760382 0
42427968 0
42427970 8
103867972 0
103867974 0
42427975 0
42427979 1
42427985 0
42427991 1
42427996 1
42428003 0
42428005 0
42428007 1
42428010 0
42428012 0
42428013 0
42428014 0
42428015 0
42428016 0
42428020 1
42428022 0
42428024 1
42428027 2
42428029 0
42428032 0
42428034 1
42428037 0
42428039 0
42428043 0
42428045 0
42446925 2
42428047 0
4216055440 0
42428049 0
42428052 1
42428061 0
42428063 0
42428065 0
42428068 0
42428072 0
103179948 0
42428080 1
42428082 1
42428086 1
42428090 0
42428094 1
42428124 0
2404083427 0
42428134 1
103865549 0
3413665526 0
42815785 0
3413665532 0
42919687 0
42428170 0
42428174 1
42428179 0
42428183 0
42428192 1
42428198 1
42428201 3
42428206 0
42438963 0
42428212 0
42428216 1
42428220 0
42526525 0
42428223 2
3562563394 0
42428227 1
42428232 1
42428234 2
42428239 2
3250349906 0
42428244 0
3250349909 0
42428248 0
42428253 0
42874655 0
42428258 0
42755942 0
4216055441 0
42428264 0
42428268 0
42428272 1
42428277 2
42428283 1
42428287 2
42428291 1
42428294 1
42428297 8
42428300 2
42428303 4
42428305 3
42428307 2
42428308 1
42428310 0
3817760663 0
42428312 0
42428313 2
42428315 1
3817760670 0
3817760672 0
42428321 0
42428328 0
42428329 1
42428332 1
3946506160 0
3946506161 0
42428345 0
103147167 0
60811206 0
42428365 0
42428366 0
42428368 0
42428370 0
42428371 0
42428374 0
42428376 1
42428377 0
42428379 0
42428385 1
2057103332 0
42428391 0
2057103336 0
42428402 1
42428405 1
42428408 0
42428411 1
42428417 0
42428420 1
42477228 0
42428428 1
2057103373 0
42428433 5
42428434 2
42428436 1
42428438 0
42439001 2
42428441 2
42428444 0
42428447 0
42428454 7
42428458 2
42428460 0
42428464 0
1997760561 0
42428468 1
42428471 0
42428473 3
42428476 0
588113982 0
42428480 0
42428483 0
42428489 0
42428491 1
42428493 1
42494033 0
60811360 0
42428527 0
42428529 3
1764747381 0
42494080 0
1764747393 0
4320028807 0
103114888 0
4320028816 0
4320028818 0
42428570 0
4320028830 0
42428575 0
42428579 0
4320028836 0
42428583 0
42428588 0
42428590 0
42428595 1
42428598 0
103868600 0
42428601 0
42433567 1
42428604 0
103868606 0
42428610 0
3971196619 0
42461394 0
42428634 1
3971196623 0
42428637 0
103868638 0
42428640 0
42428643 0
42428645 0
42428648 0
595749100 0
42428653 0
60811504 0
42428657 0
448227573 0
42428663 0
3971196628 0
595749116 0
103868669 0
42428670 0
42428674 0
42428678 0
42428682 0
42428689 0
761293078 0
42428695 0
42428701 0
42428705 0
42428709 0
42428711 0
42428714 0
3402819884 0
3402819885 0
42428720 0
42428723 0
42428725 0
42428728 0
42428737 0
42428742 0
42428746 0
42428751 0
42442584 3
3601295702 0
3601295704 0
103868773 0
103868779 0
42428782 3
387180914 1
387180916 5
279603573 0
3601295737 0
42428799 0
2061592973 1
2321279382 0
3601295768 0
42428833 0
103868842 0
42428844 0
103147955 0
42723765 0
42428863 2
42439073 1
3413665527 0
42428892 4
530475491 0
1258875372 0
1258875373 0
42428919 0
42428922 0
103148029 0
42428926 1
42428928 0
42428931 0
4207143428 0
42428934 0
42428936 0
42428939 0
42428941 0
42428944 0
42920467 0
42428951 0
42428953 0
42428956 0
42428958 0
42428961 0
42428962 1
42428964 0
42428965 0
42428966 0
42428967 0
42428970 0
42428973 0
42428975 0
42428978 0
42428980 1
42428984 0
42428985 0
42428989 0
42442592 1
42428994 1
42428998 1
42429002 2
42429006 0
42429011 0
42429013 0
42429017 1
764734042 0
764734043 0
764734045 0
42429023 1
1258875489 0
42429029 4
588114535 0
42429044 4
1258875532 0
42429072 1
42429083 2
588114597 0
42429094 0
103869101 0
42429104 3
103869105 0
589298803 0
42429109 1
1792535228 0
1286793918 0
1792535233 0
42439323 0
3569749100 0
573401827 0
1934650086 0
42429174 0
2837768960 0
593816329 0
103246603 0
1258875665 0
103246612 0
42429211 0
42429212 1
42429215 6
3809536800 0
42429217 3
42429220 0
42429222 2
3809536808 0
42429226 1
42429228 0
42429231 2
42429242 0
1258875710 0
297462592 0
593816397 2
42450061 0
1258875733 0
2089937767 0
1258875754 0
42494845 0
42429314 1
3976008172 0
598228119 0
42429324 0
42920850 0
42429334 0
42429338 0
42429340 2
42429342 0
42527647 0
42429348 0
3446959013 0
3446959014 0
593816490 0
42920889 0
42920892 0
42429373 1
42429374 3
42429375 2
42429378 0
42494920 0
42429394 8
765357011 0
2029349871 0
246649342 0
42826923 0
42429452 0
588114957 0
42429457 0
588114966 0
42429466 0
597748763 0
588114972 0
42429474 0
588114979 0
305556519 0
3932847282 0
588114994 0
4015418422 0
588115006 0
3932847285 0
42429504 1
42429530 0
42429532 2
42429541 0
598043765 0
42429562 0
42429563 1
598043772 0
598043773 0
598043774 0
598043775 0
598043776 0
42429570 3
598043780 0
598043781 0
598043782 0
598043783 0
488264215 0
598043788 0
598043790 0
598043791 0
598043792 0
598043793 0
598043800 0
588115098 0
598043811 0
3645158801 0
205024444 0
588115139 0
42429636 1
42429637 1
2089938123 0
42429645 0
42439203 2
42429652 1
42429657 3
42429659 3
42429661 1
42429662 1
42429663 2
42429664 1
42429666 2
42429680 0
42429682 0
42429685 0
42429688 0
42429690 0
42429693 2
42429694 0
103869696 0
103869698 0
103869700 0
42429704 0
103214357 0
42429718 0
42429727 0
42429744 2
2091642163 0
588115253 0
42429752 0
42429754 13
42429756 0
298806591 0
42429761 0
42429762 13
103214403 0
103214404 0
42429766 0
588115271 0
42429769 6
42429773 22
42429782 8
588115290 0
2715512169 0
42429806 3
42429812 1
42429825 1
482536836 0
42429830 0
42429832 0
42855824 0
2057103256 0
42429844 1
42724759 0
4217721868 0
1544809885 1
1544809891 0
42442621 0
42888621 0
42429874 2
42429876 0
42888633 0
42429888 0
3686034882 0
42429896 4
42429900 1
42888656 0
3567807957 0
42888664 0
42429918 1
42888672 0
4019305723 0
103869949 0
2457398797 0
42429970 0
42429971 0
42429974 1
42429976 1
42429980 1
42429981 5
42429986 2
42455643 3
103116324 0
293301804 0
42429998 1
42429999 1
42430004 0
42430007 0
42430030 4
42430034 4
42430038 0
42430041 3
42430044 0
2969267808 0
42430050 1
42430052 0
42430056 0
42430060 1
42430063 1
42430068 0
42430075 1
2025165419 0
42430115 0
42430118 1
42430122 0
248606379 0
42430126 0
42728734 0
42430138 1
42430143 7
42430147 0
42430154 0
42430160 0
42430164 2
4320194261 0
42430167 0
4320194264 0
4320194265 0
2693557987 0
2832297701 0
2832297702 0
2693557993 0
42430187 2
42430205 1
42430217 3
42430231 4
42430233 0
42430235 4
42430237 3
42430241 4
42430247 1
42430249 0
42430253 12
42430255 1
42430257 1
42430259 1
42528566 0
42430263 1
42430265 10
42430269 2
42430271 7
42430274 6
42430277 6
42430279 3
42430282 7
42430288 3
42430292 2
42430295 0
62915509 3
42430298 0
42430304 4
42430308 5
103280486 0
42430311 3
42430314 1
42430317 1
42430320 2
42430324 2
42430329 2
103870331 0
42430333 9
3827330944 0
42430338 0
42430342 4
42430344 2
42430347 1
42430350 1
42430352 4
42430356 4
42430358 4
42430361 3
42430363 5
42430367 7
42430371 3
103870373 0
1775267750 0
42430375 5
103870377 0
42430378 2
103870382 0
42430384 4
42430390 2
103870392 0
42430394 2
42725324 0
42725346 0
62915514 4
103247861 0
42430474 0
42430477 0
42430479 1
42430482 0
42430485 1
42430488 2
42463272 0
42428425 0
3718672443 0
371337226 0
42430529 0
371337227 0
42430535 0
2481877067 3
42856527 0
42430550 0
42856537 0
42856541 0
42856544 0
42856546 0
42856551 0
42430571 0
42856556 0
42856560 0
42856563 0
42856566 0
42856569 0
42856571 0
42430589 0
42430594 0
42463363 0
42430597 2
42430600 1
42463370 0
42430603 0
42856588 0
42463374 0
42430607 1
293302419 0
293302420 0
42430629 1
42430633 1
42430639 0
42430643 0
42430646 0
42430651 2
42856636 0
42430664 8
1280340170 3
42856651 0
42430669 3
42430673 6
42430677 0
42430680 1
42856667 0
42430685 2
42430688 4
42856675 0
42430694 6
42856679 0
42430698 0
42823917 0
42430704 2
42430707 3
42823926 0
42430713 1
42823931 0
42823933 0
42823936 0
42823938 0
42823940 0
42823944 0
370897167 0
42430736 1
42430739 1
42430742 0
42430745 0
42430747 0
42430749 0
2521229360 0
42430761 3
42430782 2
42430791 0
42430803 1
42430805 6
42430811 2
42430813 1
42430818 3
246649574 0
42430824 2
246649575 0
42430828 0
42430848 0
42430857 1
42430861 0
1770713491 0
42430872 0
42824096 0
3015668131 0
42430886 0
42463657 0
42824112 0
42430898 1
42824118 0
42430903 3
42824124 0
42824130 0
42725827 0
42824136 0
42430924 1
42824141 0
42824147 0
42824149 0
42824152 0
42430938 0
42430942 2
42824162 0
42824167 0
42824169 0
597783018 0
42824172 0
42496494 0
42758639 0
42824176 0
42758642 0
42824181 0
42758654 0
42430983 1
42430984 0
42430985 0
42430989 0
3015668241 0
597783063 0
42431000 0
42431002 0
42431004 1
42431005 0
597783071 0
42431008 0
42431009 0
42431015 1
42431019 2
42431024 0
42431027 0
42431030 1
42431034 1
42431037 0
42431039 0
42431044 0
42431057 0
42431067 0
42431078 0
42431089 0
42431094 1
42431096 1
596669050 0
42431099 0
42431102 0
42431104 1
42431106 0
42431107 0
42431108 0
103215751 0
42431113 0
42431116 0
42431118 0
42431121 0
561042201 1
3099327940 0
301497801 0
42431165 1
42431168 4
42463947 0
42824399 0
42431187 2
42431193 0
589099740 1
42431200 1
61275600 5
301298404 0
42431210 1
301497811 0
293303035 0
42431230 0
61275605 3
42431234 0
42431242 0
42496779 0
42431252 1
293303062 0
3099327961 0
42431257 5
42496795 0
42431260 6
4024169245 0
3874681643 0
3874681652 0
248708582 0
589099881 0
248708583 0
246862616 1
294417263 0
42477588 0
298939300 0
61272997 3
61273004 3
42431413 0
3778245561 0
42464200 0
42431447 0
3891950553 0
3891950555 0
42431452 0
42431453 1
42431459 0
42431464 1
42431470 2
42464239 0
297890807 0
297890813 0
297890818 0
42431491 0
42431497 2
42450434 4
42431503 2
42431519 1
42464292 0
42431528 0
42431544 2
42431549 3
42431556 4
42431560 1
3942249545 0
42431563 2
3377460312 0
3377460323 0
42529893 0
276299284 0
42431611 1
42431614 1
42431617 0
42431626 3
254342293 0
42431643 0
42431649 0
3377460386 0
530805923 0
42431652 0
297890981 0
42431654 0
42898289 0
42431656 1
42431659 2
42431661 1
42434077 0
746124464 0
1205715001 0
42431671 0
42431674 1
42431677 0
42431678 0
42431680 2
42431681 0
42431684 1
42890450 0
373880031 0
297891076 0
1241183499 0
3785702959 0
42431773 1
42434098 2
42431793 6
42431802 5
42431804 1
42431805 1
596775819 0
42431812 0
42431814 0
3817756012 0
3778313786 0
42431844 0
298775916 0
42464631 0
42431868 0
42431877 0
42431889 0
42464662 0
42431898 2
2357946608 0
42428661 0
1283225030 0
1772058063 0
1772058064 0
42461438 0
42431992 1
42432000 0
42825232 0
42497588 0
42432054 0
42464823 0
42464824 0
42432057 3
42464827 0
42432060 5
42497598 0
42464832 0
42432066 6
42464836 0
42464838 0
42432071 0
42530376 0
42432073 1
42432075 2
42464844 0
42432078 0
42464848 0
42432083 3
42432085 3
2063038040 0
42825307 0
42432097 0
42432099 4
42432105 0
42432108 0
42497646 0
42432111 0
42432127 0
42432135 1
597325451 0
42432142 3
42442697 0
42432148 0
42432152 0
42497691 0
42432156 0
694854464 0
42432161 1
3099326116 0
3099326117 1
3099326118 0
3099326119 0
3099326120 0
3099326121 2
3099326122 0
3099326124 0
42432174 3
3099326127 0
3099326128 0
42432178 1
1283225267 0
42432181 0
4217721801 0
42432184 0
42497721 0
42497727 0
42432194 0
42432199 1
42497737 0
42464975 0
42432208 1
3831856760 0
42432214 1
596776057 1
3847026392 0
42432223 0
42432226 0
42432228 0
3831856764 0
42923756 0
42497777 0
42432244 1
42432246 4
42432250 1
42923772 0
3554932481 0
42428716 0
4217721816 0
42497813 0
2631530266 0
42497821 0
42497826 0
42497832 0
42432302 3
42497840 0
42432305 0
42465076 0
42465078 0
1918039864 2
42465082 0
599062332 0
1918039869 0
42497854 0
42497855 0
42497859 0
1918039877 7
42825542 0
1918039880 0
42825546 0
42825551 0
42497875 0
42825558 0
1918039896 1
1918039897 1
1918039898 3
1918039901 0
1918039904 15
42497892 0
42497899 0
4217721833 0
276035449 0
2499803009 0
42727302 0
42432395 0
3308681112 0
3308681118 0
42432436 0
42432438 1
42432444 2
42432451 1
2402842564 0
2402842565 0
2402842566 0
2402842567 0
42432458 0
42465230 0
2402842575 0
42432464 2
42465233 0
42465234 0
103872499 0
42727425 0
3377461261 0
42465294 0
42428760 0
4217721860 0
42465312 0
3377461282 0
103872547 0
42432556 0
42432558 0
42432564 1
42432572 0
42432580 4
42432585 2
42793036 0
42432589 2
42432594 3
42793045 0
42432598 2
42434233 1
42793048 0
42432605 0
103857853 0
2842884211 0
4217721876 0
2404084075 0
42825865 0
2842884234 0
42825868 0
42432659 2
42825879 0
42432665 1
293337242 0
293337245 0
42825887 0
293337253 0
42825901 0
42825906 0
42432693 3
293337270 0
42825913 0
42432700 4
42432703 2
2141026496 2
42432706 3
2141026502 0
2141026503 6
2141026509 0
2141026514 0
2141026516 1
2141026518 0
2141026521 0
2141026522 0
42434255 1
276297950 0
4217721893 0
42432736 0
42432737 0
2141026532 2
387184869 1
2141026536 0
2141026548 1
2141026551 3
42825989 0
42432785 0
1289222420 0
42432789 4
293337366 0
42826008 0
42432795 2
103872796 0
42432799 4
42826016 0
2504882466 0
42826023 0
293337390 0
42432818 5
103872820 0
42434270 5
103872823 0
42432825 4
42826042 0
42826048 0
3778345281 0
42432834 1
42826053 0
3778345287 0
2504882506 0
2238282059 0
42432847 2
42826064 0
2238282070 0
42432856 0
298809690 0
42432861 14
42432871 1
596775998 0
42465657 0
42465660 0
42465661 0
42465664 0
1575123339 0
3250354584 0
42432928 0
42432929 6
42432961 1
42432963 1
42432966 0
42432967 0
42432970 0
42432974 0
42432975 0
595655123 0
595655124 0
42432983 0
42432985 1
42432990 0
42432992 0
42432994 1
4273797604 0
42432999 1
595786219 0
1754823149 0
2238282222 0
2238282226 0
42433014 1
42433020 0
42433024 1
2238282243 0
42433030 0
42433035 0
42433041 0
42433043 0
42433044 0
2140994070 0
595786268 0
297466397 0
595786271 0
42433057 0
595786274 0
2238282275 0
42433060 2
42433062 0
2238282279 0
42433064 2
42433066 0
42433068 1
42433069 2
42433072 2
42433075 0
42433077 1
42433080 0
42465849 0
42465852 0
42465857 0
3584752195 0
3584752198 0
3584752200 0
42433097 1
3584752205 0
42531407 0
3584752208 0
42433107 0
3584752212 0
3584752215 0
42433115 1
3584752226 0
3584752231 0
3584752242 0
42833001 0
42433151 2
2883385992 0
3584752265 0
1764424330 0
2238282383 0
3584752273 0
2238282386 0
3584752276 0
42793624 0
3584752281 0
2238282394 0
3584752292 0
302257265 0
596776052 1
42478027 0
42442733 0
42433229 0
42833017 0
42433252 0
293272293 0
42433272 0
42433281 0
1775270664 1
100662028 0
100662030 0
42433298 1
100662035 0
42433302 1
1996323624 0
42434354 0
42761006 0
42433339 0
302257290 0
2355624814 0
2355624816 0
3584752497 0
3584752508 3
3584752515 0
3584752516 0
3584752520 0
3584752522 0
3584752526 3
42466196 0
2059303830 0
4379966360 0
4379966362 0
4379966363 0
2355624862 0
4379966379 0
4379966380 0
3772840882 0
2059303879 0
42439842 5
103873489 0
4207143418 0
596776103 0
4207143421 0
42433537 0
42466306 0
42433539 1
42433542 2
103185415 0
42433545 0
42433547 0
42433550 0
42433551 0
42433554 0
2919234579 0
593886228 0
42433561 0
42433564 0
42433565 0
301497375 0
42433569 0
42433573 2
42433574 0
42433577 0
301497387 0
42433587 0
42439861 3
42499136 0
42433604 1
2059304008 0
42433611 3
42433620 1
42826837 0
42433625 1
42826843 0
42433644 0
42826864 0
42428947 0
42826868 0
42466423 0
42826872 0
42826878 0
416480385 0
42826882 0
42466438 0
42826887 0
42826890 0
2059304076 0
42826898 0
42920473 0
1740700830 0
302257351 0
42826926 0
42826930 0
3932847284 0
1807940789 0
3932847293 0
42871329 0
247073284 0
42433743 1
1241742563 1
42434428 1
42433779 0
61275380 0
42433800 1
4304633107 0
3884612885 0
42433822 1
1241742627 0
4191917276 0
103873839 0
1258875444 0
2047573317 0
596776163 0
276299101 0
103873891 0
42433901 0
764738926 0
588152176 0
588152191 0
2034007426 0
588152199 0
42478146 0
597294481 0
597294482 0
597294483 0
1241742743 0
597294501 0
276299179 0
3099327930 2
3099327931 0
2295070142 0
301497795 0
301497796 0
301497799 0
3099327944 0
3099327945 0
301497803 0
3099327948 2
3099327950 0
3099327951 0
3099327952 6
61275601 0
301497810 0
3099327955 4
3099327957 0
597294550 0
301497815 0
301497817 0
3099327962 1
3099327964 0
3099327965 1
3099327966 0
3099327968 0
3099327970 0
3099327972 2
3099327974 0
3099327975 1
3099327976 0
1692433907 0
1692433928 3
1692433932 2
1692433935 7
1692433940 4
1692433941 1
276299287 0
42434072 1
42434074 0
42478170 0
42434085 2
42434087 4
42434090 3
42434092 0
308641326 0
308641330 0
308641333 0
42434105 0
308641338 0
42434110 0
42825919 0
308641345 0
3778313813 0
588152411 0
42434140 2
42434142 2
42434145 2
42434148 0
4216045844 0
42434156 0
42434158 0
42434160 0
42434161 0
42919588 0
42434165 0
42434166 0
3831856759 6
42434168 0
42434169 0
3831856762 0
3831856763 0
42434172 2
42434175 0
42827392 0
42729089 0
42434179 2
42434196 0
42434201 0
42434205 0
42434215 1
451051181 0
42434226 1
42435516 0
588114548 0
3485078815 0
42439968 2
42434246 0
42434249 3
42467018 0
42434251 1
42424218 0
42467023 0
42467024 0
42434259 1
42434262 0
42434264 0
42434268 0
42467038 0
42434271 1
42434279 1
103874283 0
42434285 0
42434306 0
42434308 1
42499854 0
42434338 0
42434340 0
42434343 0
42434352 1
593854257 0
42893106 0
42434355 0
42434357 1
42434358 0
42434360 0
42434361 2
593854267 0
42434377 0
42434382 0
42434384 2
42434385 0
42434386 0
42434389 3
42434412 0
301498234 0
42434427 0
1209761660 1
42434429 0
301498239 0
42434434 4
301498245 0
42434439 1
301498248 0
298286988 0
301498253 0
42499982 0
301498258 0
42729363 0
1533280148 0
301498263 0
42440004 2
301498266 0
301498277 0
301498281 0
42434481 0
301498297 0
301498307 0
301498311 0
42500041 0
301498314 0
42500046 0
301498327 0
4161568740 0
4161568744 0
2524315626 0
2524315630 0
374472690 0
42860531 0
373882872 0
