40.849634 -73.933514 0.000000 4.000000
40.724136 -73.992604 2.000000 4.000000
40.814487 -73.955460 0.000000 4.000000
40.760301 -73.994983 0.000000 4.000000
40.819335 -73.937659 0.000000 4.000000
40.872385 -73.912667 0.000000 4.000000
40.871195 -73.914090 1.000000 4.000000
40.759060 -73.972614 1.000000 4.000000
40.766145 -73.997235 4.000000 4.000000
40.760342 -73.989247 0.000000 4.000000
40.727852 -73.985088 0.000000 4.000000
40.755277 -73.985172 1.000000 4.000000
40.864463 -73.918943 2.000000 4.000000
40.742285 -74.004417 1.000000 4.000000
40.761918 -73.990080 0.000000 4.000000
40.780059 -73.980563 1.000000 4.000000
40.815691 -73.958295 0.000000 4.000000
40.814105 -73.940854 0.000000 4.000000
40.863690 -73.917064 0.000000 4.000000
40.759271 -73.980887 0.000000 4.000000
40.779180 -73.950793 0.000000 4.000000
40.820098 -73.955076 0.000000 4.000000
40.788949 -73.940558 0.000000 4.000000
40.717099 -73.998589 0.000000 4.000000
40.777874 -73.951743 0.000000 4.000000
40.744061 -74.006810 0.000000 4.000000
40.736562 -74.001093 0.000000 4.000000
40.761551 -73.966584 1.000000 4.000000
40.729988 -74.000498 1.000000 4.000000
40.733292 -73.987180 0.000000 4.000000
40.747078 -73.981341 0.000000 4.000000
40.803745 -73.955861 1.000000 4.000000
40.760927 -73.994528 0.000000 4.000000
40.737731 -73.988179 0.000000 4.000000
40.718556 -73.988200 0.000000 4.000000
40.750788 -74.005630 0.000000 4.000000
40.781952 -73.975482 0.000000 4.000000
40.759983 -73.964802 0.000000 4.000000
40.763114 -73.962515 0.000000 4.000000
40.710199 -73.996443 0.000000 4.000000
40.728676 -74.005993 0.000000 4.000000
40.805743 -73.942754 0.000000 4.000000
40.766562 -73.990422 0.000000 4.000000
40.728034 -74.002150 0.000000 4.000000
40.768033 -73.995848 0.000000 4.000000
40.749824 -73.972202 0.000000 4.000000
40.747146 -74.000848 0.000000 4.000000
40.742864 -74.003970 0.000000 4.000000
40.749102 -73.984077 0.000000 4.000000
40.760601 -73.964314 0.000000 4.000000
40.787119 -73.947923 0.000000 4.000000
40.752059 -74.000982 0.000000 4.000000
40.750992 -73.978486 0.000000 4.000000
40.850506 -73.932862 0.000000 4.000000
40.760601 -73.964314 0.000000 4.000000
40.718303 -73.987396 0.000000 4.000000
40.732603 -73.987681 0.000000 4.000000
40.729370 -73.983998 0.000000 4.000000
40.826684 -73.935390 0.000000 4.000000
40.720939 -73.993795 0.000000 4.000000
40.868114 -73.919752 0.000000 4.000000
40.804376 -73.937420 0.000000 4.000000
40.741080 -74.001555 0.000000 4.000000
40.760601 -73.964314 0.000000 4.000000
40.725432 -73.996771 1.000000 4.000000
40.720840 -74.000660 1.000000 4.000000
40.747854 -73.992908 0.000000 4.000000
40.728067 -73.998954 0.000000 4.000000
40.733292 -73.987180 0.000000 4.000000
40.728176 -73.984857 0.000000 4.000000
40.718303 -73.987396 0.000000 4.000000
40.736035 -73.997806 0.000000 4.000000
40.719204 -73.990364 1.000000 4.000000
40.742588 -73.980412 0.000000 4.000000
40.761234 -73.963884 0.000000 4.000000
40.717724 -73.985765 0.000000 4.000000
40.765398 -73.993462 0.000000 4.000000
40.783844 -73.979988 0.000000 4.000000
40.721422 -73.999033 0.000000 4.000000
40.705002 -74.012631 0.000000 4.000000
40.740849 -74.005124 0.000000 4.000000
40.814011 -73.944647 0.000000 4.000000
40.864463 -73.918943 0.000000 4.000000
40.749788 -73.987769 0.000000 4.000000
40.736562 -73.989016 0.000000 4.000000
40.721353 -74.004636 0.000000 4.000000
40.719204 -73.990364 0.000000 4.000000
40.736290 -73.990936 0.000000 4.000000
40.744061 -74.006810 0.000000 4.000000
40.819730 -73.938598 1.000000 4.000000
40.734138 -73.999184 0.000000 4.000000
40.730978 -73.982843 0.000000 4.000000
40.719514 -74.001771 0.000000 4.000000
40.771387 -73.956478 0.000000 4.000000
40.754678 -73.975806 0.000000 4.000000
40.788318 -73.941018 0.000000 4.000000
40.774227 -73.981114 0.000000 4.000000
40.740023 -74.005290 0.000000 4.000000
40.782834 -73.959471 0.000000 4.000000
40.786425 -73.942381 0.000000 4.000000
40.793474 -73.937257 0.000000 4.000000
40.754619 -73.973734 0.000000 4.000000
40.731686 -73.982197 1.000000 4.000000
40.758022 -73.981793 0.000000 4.000000
40.750099 -73.974934 0.000000 4.000000
40.743286 -73.985875 0.000000 4.000000
40.797450 -73.946702 0.000000 4.000000
40.857109 -73.935603 0.000000 4.000000
40.763991 -73.958782 1.000000 4.000000
40.760601 -73.964314 0.000000 4.000000
40.766714 -73.982878 1.000000 4.000000
40.753475 -73.992529 0.000000 4.000000
40.758981 -73.995943 0.000000 4.000000
40.787693 -73.941477 0.000000 4.000000
40.735618 -73.992711 0.000000 4.000000
40.759620 -73.961965 1.000000 4.000000
40.718795 -73.989012 0.000000 4.000000
40.782633 -73.951198 0.000000 4.000000
40.865195 -73.927037 0.000000 4.000000
40.820918 -73.943323 0.000000 4.000000
40.823940 -73.948552 0.000000 4.000000
40.761857 -73.963426 0.000000 4.000000
40.723747 -74.006115 1.000000 4.000000
40.720321 -73.994040 0.000000 4.000000
40.863741 -73.919468 1.000000 4.000000
40.864525 -73.926619 0.000000 4.000000
40.731042 -73.999603 0.000000 4.000000
40.761040 -73.975374 0.000000 4.000000
40.707683 -74.015679 0.000000 4.000000
40.763991 -73.958782 0.000000 4.000000
40.742839 -74.000274 0.000000 4.000000
40.795456 -73.965628 2.000000 4.000000
40.718803 -74.010400 1.000000 4.000000
40.774323 -73.961476 0.000000 4.000000
40.730006 -73.983536 3.000000 4.000000
40.759790 -73.987926 0.000000 4.000000
40.802373 -73.964303 0.000000 4.000000
40.787913 -73.955777 0.000000 4.000000
40.741623 -73.993735 0.000000 4.000000
40.755950 -73.990727 0.000000 4.000000
40.714463 -73.985344 0.000000 4.000000
40.756489 -73.997759 0.000000 4.000000
40.718795 -73.989012 0.000000 4.000000
40.808973 -73.948325 0.000000 4.000000
40.804219 -73.932566 0.000000 4.000000
40.830845 -73.947224 0.000000 4.000000
40.744780 -73.975882 0.000000 4.000000
40.781952 -73.975482 0.000000 4.000000
40.744703 -74.008347 1.000000 4.000000
40.783570 -73.947583 0.000000 4.000000
40.744065 -73.987748 0.000000 4.000000
40.759983 -73.964802 0.000000 4.000000
40.864463 -73.918943 0.000000 4.000000
40.743429 -73.996128 0.000000 4.000000
40.742285 -74.004417 0.000000 4.000000
40.751523 -73.993947 0.000000 4.000000
40.727210 -73.995270 0.000000 4.000000
40.827824 -73.941998 0.000000 4.000000
40.804258 -73.962925 1.000000 4.000000
40.752693 -73.973046 0.000000 4.000000
40.734434 -73.989904 0.000000 4.000000
40.758339 -73.996408 0.000000 4.000000
40.804066 -73.932663 1.000000 4.000000
40.785866 -73.950929 0.000000 4.000000
40.721062 -73.998196 0.000000 4.000000
40.788382 -73.947001 0.000000 4.000000
40.819425 -73.955565 0.000000 4.000000
40.760353 -73.991232 0.000000 4.000000
40.816099 -73.937604 0.000000 4.000000
40.731997 -73.990211 0.000000 4.000000
40.742910 -73.992804 0.000000 4.000000
40.752281 -73.989692 0.000000 4.000000
40.737553 -73.978053 0.000000 4.000000
40.714362 -74.008387 0.000000 4.000000
40.760525 -73.979973 0.000000 4.000000
40.736562 -73.989016 0.000000 4.000000
40.761610 -73.970750 0.000000 4.000000
40.808862 -73.952125 0.000000 4.000000
40.759626 -73.995474 0.000000 4.000000
40.778486 -73.945255 0.000000 4.000000
40.765868 -73.957413 0.000000 4.000000
40.724273 -73.990818 1.000000 4.000000
40.730380 -73.986376 0.000000 4.000000
40.785156 -73.979002 0.000000 4.000000
40.752316 -73.985945 0.000000 4.000000
40.721727 -74.005307 1.000000 4.000000
40.753261 -74.003822 0.000000 4.000000
40.783934 -73.944225 1.000000 4.000000
40.787064 -73.941936 1.000000 4.000000
40.747206 -73.997098 0.000000 4.000000
40.715237 -74.013379 0.000000 4.000000
40.727156 -74.005545 0.000000 4.000000
40.724694 -73.994181 0.000000 4.000000
40.742864 -74.003970 0.000000 4.000000
40.848120 -73.930884 0.000000 4.000000
40.848018 -73.940437 0.000000 4.000000
40.746619 -73.993814 4.000000 4.000000
40.741623 -73.993735 1.000000 4.000000
40.808973 -73.948325 1.000000 4.000000
40.716478 -73.992821 0.000000 4.000000
40.743449 -74.003540 0.000000 4.000000
40.805990 -73.955068 0.000000 4.000000
40.773032 -73.978283 0.000000 4.000000
40.713764 -73.998669 0.000000 4.000000
40.755756 -73.964786 0.000000 4.000000
40.803700 -73.935817 0.000000 4.000000
40.759527 -73.999242 0.000000 4.000000
40.841077 -73.939767 0.000000 4.000000
40.725432 -73.996771 1.000000 4.000000
40.722934 -73.988639 0.000000 4.000000
40.721062 -73.998196 0.000000 4.000000
40.744559 -73.983176 0.000000 4.000000
40.757232 -73.989792 0.000000 4.000000
40.718458 -73.994809 0.000000 4.000000
40.864463 -73.918943 1.000000 4.000000
40.728596 -73.987672 0.000000 4.000000
40.728067 -73.998954 0.000000 4.000000
40.804420 -73.955369 1.000000 4.000000
40.745422 -73.990967 0.000000 4.000000
40.742227 -73.997008 0.000000 4.000000
40.729551 -73.989901 0.000000 4.000000
40.764627 -73.995545 0.000000 4.000000
40.745300 -73.986846 0.000000 4.000000
40.719204 -73.990364 0.000000 4.000000
40.759164 -73.988391 0.000000 4.000000
40.762106 -73.960137 0.000000 4.000000
40.850168 -73.935754 0.000000 4.000000
40.743228 -73.984132 0.000000 4.000000
40.763645 -73.977687 0.000000 4.000000
40.726054 -73.983534 4.000000 4.000000
40.718399 -73.987670 3.000000 4.000000
40.767917 -73.985715 0.000000 4.000000
40.753717 -73.977434 1.000000 4.000000
40.759308 -73.965293 0.000000 4.000000
40.750775 -73.976537 0.000000 4.000000
40.719935 -73.978752 0.000000 4.000000
40.798627 -73.939521 0.000000 4.000000
40.747067 -73.979237 0.000000 4.000000
40.743205 -73.979960 1.000000 4.000000
40.760223 -73.967462 0.000000 4.000000
40.785193 -73.949333 0.000000 4.000000
40.719070 -73.993359 0.000000 4.000000
40.775642 -73.958399 0.000000 4.000000
40.714928 -74.007940 1.000000 4.000000
40.762025 -74.001152 0.000000 4.000000
40.759308 -73.965293 0.000000 4.000000
40.750766 -73.974443 0.000000 4.000000
40.849321 -73.933731 0.000000 4.000000
40.717099 -73.998589 0.000000 4.000000
40.779124 -73.984976 0.000000 4.000000
40.769754 -73.954576 0.000000 4.000000
40.752411 -73.978348 0.000000 4.000000
40.848833 -73.940165 0.000000 4.000000
40.779145 -73.944774 0.000000 4.000000
40.834892 -73.937753 0.000000 4.000000
40.738686 -73.995875 0.000000 4.000000
40.757232 -73.989792 0.000000 4.000000
40.759578 -73.968025 0.000000 4.000000
40.815113 -73.955000 0.000000 4.000000
40.718795 -73.989012 0.000000 4.000000
40.722300 -73.997121 0.000000 4.000000
40.751442 -73.976049 0.000000 4.000000
40.785882 -73.948827 1.000000 4.000000
40.819095 -73.940929 1.000000 4.000000
40.742285 -74.004417 0.000000 4.000000
40.797946 -73.940023 1.000000 4.000000
40.833488 -73.941577 2.000000 4.000000
40.771464 -73.994346 0.000000 4.000000
40.849321 -73.933731 0.000000 4.000000
40.760223 -73.967462 0.000000 4.000000
40.841680 -73.939333 0.000000 4.000000
40.745682 -73.972125 0.000000 4.000000
40.745682 -73.972125 0.000000 4.000000
40.719953 -74.008582 1.000000 4.000000
40.724433 -73.993459 0.000000 4.000000
40.760223 -73.967462 1.000000 4.000000
40.769849 -73.984313 0.000000 4.000000
40.805736 -73.940645 0.000000 4.000000
40.792246 -73.946280 4.000000 4.000000
40.720939 -73.993795 0.000000 4.000000
40.711392 -74.008599 0.000000 4.000000
40.761857 -73.963426 0.000000 4.000000
40.753994 -73.974189 0.000000 4.000000
40.719484 -73.991284 1.000000 4.000000
40.727661 -74.001389 0.000000 4.000000
40.737674 -74.001768 0.000000 4.000000
40.837803 -73.942141 1.000000 4.000000
40.757907 -73.989298 1.000000 4.000000
40.763645 -73.977687 0.000000 4.000000
40.755950 -73.990727 0.000000 4.000000
40.756060 -73.961624 0.000000 4.000000
40.755251 -73.998661 1.000000 4.000000
40.743474 -73.976759 0.000000 4.000000
40.837178 -73.942597 0.000000 4.000000
40.801844 -73.959149 0.000000 4.000000
40.866315 -73.918598 0.000000 4.000000
40.861310 -73.921232 0.000000 4.000000
40.714365 -73.992822 0.000000 4.000000
40.747277 -73.989617 0.000000 4.000000
40.746493 -74.001324 0.000000 4.000000
40.761486 -73.960599 1.000000 4.000000
40.756764 -73.967153 0.000000 4.000000
40.752197 -73.981824 0.000000 4.000000
40.729776 -73.986809 0.000000 4.000000
40.837369 -73.946984 0.000000 4.000000
40.749824 -73.972202 2.000000 4.000000
40.755824 -73.970760 0.000000 4.000000
40.861936 -73.920772 0.000000 4.000000
40.784464 -73.977366 2.000000 4.000000
40.749591 -74.002786 0.000000 4.000000
40.748512 -73.988714 6.000000 4.000000
40.762025 -74.001152 0.000000 4.000000
40.727866 -73.993145 1.000000 4.000000
40.732348 -73.984939 0.000000 4.000000
40.763545 -73.985192 0.000000 4.000000
40.743474 -73.976759 0.000000 4.000000
40.805838 -73.946901 1.000000 4.000000
40.777929 -73.982080 0.000000 4.000000
40.757075 -73.969849 0.000000 4.000000
40.820437 -73.936227 0.000000 4.000000
40.759983 -73.964802 0.000000 4.000000
40.750242 -73.998596 0.000000 4.000000
40.809340 -73.959216 0.000000 4.000000
40.752999 -73.969887 0.000000 4.000000
40.719750 -73.992161 0.000000 4.000000
40.731351 -73.982555 0.000000 4.000000
40.804420 -73.955369 0.000000 4.000000
40.764904 -73.998137 1.000000 4.000000
40.730323 -74.002468 2.000000 4.000000
40.715520 -74.009238 1.000000 4.000000
40.719204 -73.990364 0.000000 4.000000
40.742255 -74.000704 0.000000 4.000000
40.813390 -73.956259 0.000000 4.000000
40.766876 -73.979076 0.000000 4.000000
40.726186 -73.989429 0.000000 4.000000
40.756527 -73.994019 3.000000 4.000000
40.768119 -73.958862 1.000000 4.000000
40.728605 -74.005315 0.000000 4.000000
40.760857 -73.961069 0.000000 4.000000
40.760927 -73.994528 0.000000 4.000000
40.747009 -73.977187 0.000000 4.000000
40.739405 -74.006449 0.000000 4.000000
40.739674 -73.990946 0.000000 4.000000
40.721249 -73.992236 0.000000 4.000000
40.759626 -73.995474 0.000000 4.000000
40.838426 -73.941689 0.000000 4.000000
40.730723 -73.989053 0.000000 4.000000
40.748512 -73.988714 0.000000 4.000000
40.725777 -73.986604 0.000000 4.000000
40.739751 -74.002522 0.000000 4.000000
40.717099 -73.998589 0.000000 4.000000
40.731127 -74.004225 1.000000 4.000000
40.772344 -73.952686 0.000000 4.000000
40.787047 -73.977586 0.000000 4.000000
40.736531 -73.990752 0.000000 4.000000
40.861310 -73.921232 0.000000 4.000000
40.834492 -73.940048 0.000000 4.000000
40.734261 -73.983550 0.000000 4.000000
40.755330 -73.991179 1.000000 4.000000
40.738312 -73.987742 0.000000 4.000000
40.761668 -73.974916 0.000000 4.000000
40.725583 -73.989869 1.000000 4.000000
40.718556 -73.988200 0.000000 4.000000
40.778486 -73.945255 0.000000 4.000000
40.744645 -74.006384 0.000000 4.000000
40.757828 -73.993070 0.000000 4.000000
40.739512 -73.984743 0.000000 4.000000
40.745441 -73.975394 0.000000 4.000000
40.804376 -73.937420 0.000000 4.000000
40.758645 -73.981342 0.000000 4.000000
40.756497 -73.972362 0.000000 4.000000
40.776877 -73.949372 1.000000 4.000000
40.745416 -74.008199 2.000000 4.000000
40.717469 -74.010692 0.000000 4.000000
40.708889 -74.007557 0.000000 4.000000
40.855985 -73.928273 0.000000 4.000000
40.755292 -73.994922 2.000000 4.000000
40.771464 -73.994346 0.000000 4.000000
40.719204 -73.990364 0.000000 4.000000
40.759578 -73.968025 2.000000 4.000000
40.738831 -73.983148 1.000000 4.000000
40.795312 -73.935912 1.000000 4.000000
40.815691 -73.958295 0.000000 4.000000
40.761551 -73.966584 0.000000 4.000000
40.797306 -73.964287 0.000000 4.000000
40.728106 -73.978998 0.000000 4.000000
40.846153 -73.932324 0.000000 4.000000
40.758429 -73.992633 0.000000 4.000000
40.809497 -73.935808 0.000000 4.000000
40.857840 -73.932041 0.000000 4.000000
40.864809 -73.919362 1.000000 4.000000
40.812692 -73.953127 0.000000 4.000000
40.718125 -73.990235 0.000000 4.000000
40.862412 -73.922492 1.000000 4.000000
40.820098 -73.955076 0.000000 4.000000
40.783934 -73.944225 0.000000 4.000000
40.734434 -73.989904 0.000000 4.000000
40.739087 -73.991376 0.000000 4.000000
40.825430 -73.936306 1.000000 4.000000
40.805057 -73.939034 0.000000 4.000000
40.747629 -73.976736 0.000000 4.000000
40.746682 -73.974495 0.000000 4.000000
40.762396 -73.978601 1.000000 4.000000
40.771024 -73.953647 0.000000 4.000000
40.862412 -73.922492 0.000000 4.000000
40.802751 -73.933575 0.000000 4.000000
40.733979 -73.990943 0.000000 4.000000
40.848996 -73.941087 0.000000 4.000000
40.725841 -74.007558 0.000000 4.000000
40.862581 -73.925374 0.000000 4.000000
40.764791 -73.984282 0.000000 4.000000
40.766562 -73.990422 0.000000 4.000000
40.761551 -73.966584 0.000000 4.000000
40.758999 -73.970534 0.000000 4.000000
40.865593 -73.918107 1.000000 4.000000
40.744760 -73.995153 0.000000 4.000000
40.745208 -74.002266 0.000000 4.000000
40.732603 -73.987681 0.000000 4.000000
40.803700 -73.935817 0.000000 4.000000
40.742235 -73.993291 0.000000 4.000000
40.742910 -73.992804 2.000000 4.000000
40.778183 -73.948421 0.000000 4.000000
40.752411 -73.978348 1.000000 4.000000
40.866336 -73.925004 5.000000 4.000000
40.862613 -73.928598 2.000000 4.000000
40.749049 -73.982023 1.000000 4.000000
40.867015 -73.923109 0.000000 4.000000
40.775923 -73.953167 0.000000 4.000000
40.730006 -73.983536 0.000000 4.000000
40.799307 -73.943233 2.000000 4.000000
40.866026 -73.925872 0.000000 4.000000
40.780691 -73.946592 0.000000 4.000000
40.718600 -73.988319 0.000000 4.000000
40.716542 -73.996984 1.000000 4.000000
40.816501 -73.946545 0.000000 4.000000
40.813390 -73.956259 0.000000 4.000000
40.760223 -73.967462 1.000000 4.000000
40.805639 -73.934392 0.000000 4.000000
40.764365 -73.961608 0.000000 4.000000
40.758976 -73.964503 0.000000 4.000000
40.749706 -73.991562 1.000000 4.000000
40.748290 -73.988177 0.000000 4.000000
40.732222 -74.003554 1.000000 4.000000
40.762913 -73.969800 0.000000 4.000000
40.793474 -73.937257 0.000000 4.000000
40.730581 -74.001685 0.000000 4.000000
40.813778 -73.959687 0.000000 4.000000
40.763658 -73.973464 0.000000 4.000000
40.708919 -74.005263 0.000000 4.000000
40.757233 -73.976047 0.000000 4.000000
40.862581 -73.925374 0.000000 4.000000
40.842917 -73.936589 0.000000 4.000000
40.808849 -73.954033 1.000000 4.000000
40.723279 -73.982524 0.000000 4.000000
40.783570 -73.947583 0.000000 4.000000
40.789649 -73.946076 0.000000 4.000000
40.730430 -74.000123 0.000000 4.000000
40.806975 -73.937635 0.000000 4.000000
40.721353 -74.004636 0.000000 4.000000
40.758308 -73.962926 0.000000 4.000000
40.759620 -73.961965 0.000000 4.000000
40.784610 -73.969833 0.000000 4.000000
40.757232 -73.989792 0.000000 4.000000
40.815691 -73.958295 1.000000 4.000000
40.762963 -73.971868 1.000000 4.000000
40.769296 -73.994939 0.000000 4.000000
40.776730 -73.979279 0.000000 4.000000
40.857840 -73.932041 0.000000 4.000000
40.719396 -74.001883 0.000000 4.000000
40.794135 -73.942818 0.000000 4.000000
40.820006 -73.958874 0.000000 4.000000
40.719972 -73.992897 0.000000 4.000000
40.719750 -73.992161 0.000000 4.000000
40.724575 -73.987492 0.000000 4.000000
40.719972 -73.992897 0.000000 4.000000
40.763115 -73.999650 0.000000 4.000000
40.758981 -73.995943 0.000000 4.000000
40.733780 -73.980645 1.000000 4.000000
40.817511 -73.960689 0.000000 4.000000
40.733054 -74.006408 0.000000 4.000000
40.760776 -74.002184 0.000000 4.000000
40.789624 -73.940067 2.000000 4.000000
40.765310 -73.963842 0.000000 4.000000
40.733633 -74.002786 0.000000 4.000000
40.751081 -73.986852 1.000000 4.000000
40.864463 -73.918943 0.000000 4.000000
40.730564 -73.990507 0.000000 4.000000
40.766286 -73.981849 0.000000 4.000000
40.718430 -74.000530 0.000000 4.000000
40.815691 -73.958295 0.000000 4.000000
40.720939 -73.993795 1.000000 4.000000
40.742839 -74.000274 0.000000 4.000000
40.759308 -73.965293 0.000000 4.000000
40.713468 -73.998582 0.000000 4.000000
40.846911 -73.938233 1.000000 4.000000
40.750829 -74.001884 0.000000 4.000000
40.757828 -73.993070 0.000000 4.000000
40.744061 -74.006810 0.000000 4.000000
40.760601 -73.964314 0.000000 4.000000
40.737547 -74.004828 0.000000 4.000000
40.744780 -73.975882 0.000000 4.000000
40.746078 -73.974936 0.000000 4.000000
40.856641 -73.924693 0.000000 4.000000
40.778183 -73.948421 0.000000 4.000000
40.734838 -73.990755 0.000000 4.000000
40.767110 -73.981718 0.000000 4.000000
40.715433 -74.007543 0.000000 4.000000
40.742255 -74.000704 0.000000 4.000000
40.733292 -73.987180 0.000000 4.000000
40.729186 -73.987249 0.000000 4.000000
40.719972 -73.992897 0.000000 4.000000
40.731874 -74.008782 0.000000 4.000000
40.762184 -73.993611 1.000000 4.000000
40.722819 -73.993091 1.000000 4.000000
40.848120 -73.930884 0.000000 4.000000
40.738686 -73.995875 0.000000 4.000000
40.866809 -73.930998 0.000000 4.000000
40.866809 -73.930998 0.000000 4.000000
40.782633 -73.951198 1.000000 4.000000
40.758949 -73.968481 0.000000 4.000000
40.762179 -73.966129 0.000000 4.000000
40.744801 -73.991418 0.000000 4.000000
40.814774 -73.940369 0.000000 4.000000
40.862395 -73.918013 0.000000 4.000000
40.861464 -73.924999 1.000000 4.000000
40.729310 -73.997886 1.000000 4.000000
40.845332 -73.942341 0.000000 4.000000
40.716203 -73.983583 0.000000 4.000000
40.765722 -73.988405 0.000000 4.000000
40.760223 -73.967462 0.000000 4.000000
40.751122 -73.971263 0.000000 4.000000
40.754622 -73.997127 0.000000 4.000000
40.731351 -73.982555 0.000000 4.000000
40.723506 -73.979281 2.000000 4.000000
40.729988 -74.000498 0.000000 4.000000
40.863793 -73.919414 0.000000 4.000000
40.774283 -73.957295 0.000000 4.000000
40.719204 -73.990364 2.000000 4.000000
40.797918 -73.963846 0.000000 4.000000
40.828974 -73.948592 0.000000 4.000000
40.866742 -73.928728 0.000000 4.000000
40.863238 -73.926924 0.000000 4.000000
40.722355 -73.993261 0.000000 4.000000
40.706853 -74.005003 0.000000 4.000000
40.754092 -73.992077 0.000000 4.000000
40.756568 -73.990276 1.000000 4.000000
40.720318 -74.012168 0.000000 4.000000
40.821446 -73.950379 0.000000 4.000000
40.778312 -73.962767 0.000000 4.000000
40.865536 -73.927268 0.000000 4.000000
40.741080 -74.001555 0.000000 4.000000
40.792933 -73.947901 0.000000 4.000000
40.822836 -73.941916 0.000000 4.000000
40.819572 -73.951746 0.000000 4.000000
40.796681 -73.934914 0.000000 4.000000
40.762966 -73.973969 1.000000 4.000000
40.785294 -73.969335 0.000000 4.000000
40.725583 -73.989869 0.000000 4.000000
40.757382 -73.966702 0.000000 4.000000
40.803700 -73.935817 1.000000 4.000000
40.720321 -73.994040 0.000000 4.000000
40.732914 -74.003976 1.000000 4.000000
40.739751 -74.002522 1.000000 4.000000
40.754584 -73.999145 0.000000 4.000000
40.761659 -73.986561 0.000000 4.000000
40.744061 -74.006810 0.000000 4.000000
40.848776 -73.939844 0.000000 4.000000
40.738552 -73.999682 0.000000 4.000000
40.732603 -73.987681 0.000000 4.000000
40.761234 -73.963884 0.000000 4.000000
40.745727 -73.978123 1.000000 4.000000
40.744061 -74.006810 0.000000 4.000000
40.765273 -73.952128 0.000000 4.000000
40.848518 -73.935929 0.000000 4.000000
40.764323 -73.977196 0.000000 4.000000
40.772395 -73.949718 0.000000 4.000000
40.751081 -73.986852 1.000000 4.000000
40.738552 -73.999682 0.000000 4.000000
40.761607 -73.990315 3.000000 4.000000
40.755033 -73.986638 0.000000 4.000000
40.763206 -73.978546 0.000000 4.000000
40.759899 -73.980425 1.000000 4.000000
40.842438 -73.939253 1.000000 4.000000
40.769296 -73.994939 0.000000 4.000000
40.735390 -73.975110 0.000000 4.000000
40.758308 -73.962926 0.000000 4.000000
40.737547 -74.004828 1.000000 4.000000
40.792187 -73.938194 0.000000 4.000000
40.802751 -73.933575 0.000000 4.000000
40.756343 -73.991684 0.000000 4.000000
40.762488 -73.962974 0.000000 4.000000
40.829600 -73.948139 1.000000 4.000000
40.757382 -73.966702 0.000000 4.000000
40.763114 -73.962515 0.000000 4.000000
40.720854 -74.003929 0.000000 4.000000
40.745422 -73.990967 0.000000 4.000000
40.723506 -73.979281 2.000000 4.000000
40.726958 -74.003446 0.000000 4.000000
40.796003 -73.935409 0.000000 4.000000
40.722891 -73.979728 0.000000 4.000000
40.749725 -73.983622 0.000000 4.000000
40.804827 -73.966216 0.000000 4.000000
40.835932 -73.943512 0.000000 4.000000
40.751658 -73.990132 0.000000 4.000000
40.725646 -73.992063 1.000000 4.000000
40.789582 -73.975476 1.000000 4.000000
40.852135 -73.935008 0.000000 4.000000
40.720321 -73.994040 0.000000 4.000000
40.708700 -74.007286 0.000000 4.000000
40.762750 -73.996914 0.000000 4.000000
40.766667 -73.967065 0.000000 4.000000
40.732374 -74.003471 0.000000 4.000000
40.857380 -73.929725 0.000000 4.000000
40.747773 -73.985044 0.000000 4.000000
40.740471 -73.998286 0.000000 4.000000
40.759164 -73.988391 0.000000 4.000000
40.764323 -73.977196 0.000000 4.000000
40.739772 -73.985389 0.000000 4.000000
40.833438 -73.945336 0.000000 4.000000
40.788970 -73.943635 1.000000 4.000000
40.732928 -74.000065 1.000000 4.000000
40.744014 -73.991985 0.000000 4.000000
40.761771 -73.979056 1.000000 4.000000
40.817846 -73.941844 0.000000 4.000000
40.863572 -73.926012 1.000000 4.000000
40.748899 -73.992165 0.000000 4.000000
40.740443 -73.994594 3.000000 4.000000
40.860527 -73.919378 1.000000 4.000000
40.771394 -73.982158 0.000000 4.000000
40.764995 -73.976705 0.000000 4.000000
40.811204 -73.961570 0.000000 4.000000
40.725432 -73.996771 0.000000 4.000000
40.738312 -73.987742 0.000000 4.000000
40.753318 -73.972587 1.000000 4.000000
40.761659 -73.986561 0.000000 4.000000
40.867436 -73.921059 0.000000 4.000000
40.802598 -73.945050 0.000000 4.000000
40.719750 -73.992161 0.000000 4.000000
40.772209 -73.982179 0.000000 4.000000
40.751611 -73.986476 0.000000 4.000000
40.722550 -74.006299 0.000000 4.000000
40.865366 -73.924384 0.000000 4.000000
40.761610 -73.970750 0.000000 4.000000
40.756139 -73.983169 0.000000 4.000000
40.746078 -73.974936 0.000000 4.000000
40.760601 -73.964314 1.000000 4.000000
40.865536 -73.927268 0.000000 4.000000
40.754841 -73.984118 1.000000 4.000000
40.760601 -73.964314 0.000000 4.000000
40.797450 -73.946702 1.000000 4.000000
40.718430 -74.000530 0.000000 4.000000
40.761423 -73.984048 1.000000 4.000000
40.737866 -74.000184 0.000000 4.000000
40.733611 -73.999556 0.000000 4.000000
40.865797 -73.919997 0.000000 4.000000
40.752936 -73.985487 0.000000 4.000000
40.861310 -73.921232 0.000000 4.000000
40.722934 -73.988639 0.000000 4.000000
40.731300 -74.010460 0.000000 4.000000
40.739079 -74.003082 1.000000 4.000000
40.856715 -73.932632 2.000000 4.000000
40.819770 -73.936719 0.000000 4.000000
40.724932 -73.990342 0.000000 4.000000
40.771738 -73.961243 0.000000 4.000000
40.742285 -74.004417 0.000000 4.000000
40.747639 -73.986618 1.000000 4.000000
40.764162 -73.968890 0.000000 4.000000
40.862062 -73.925031 0.000000 4.000000
40.834681 -73.944424 0.000000 4.000000
40.861310 -73.921232 0.000000 4.000000
40.746493 -74.001324 0.000000 4.000000
40.807034 -73.939701 0.000000 4.000000
40.774022 -73.954559 0.000000 4.000000
40.704799 -74.016685 2.000000 4.000000
40.760223 -73.967462 0.000000 4.000000
40.766779 -73.996762 1.000000 4.000000
40.734434 -73.989904 1.000000 4.000000
40.860647 -73.927328 0.000000 4.000000
40.739751 -74.002522 0.000000 4.000000
40.795437 -73.943948 0.000000 4.000000
40.720076 -73.988355 0.000000 4.000000
40.864809 -73.919362 0.000000 4.000000
40.774283 -73.957295 0.000000 4.000000
40.747925 -73.973607 0.000000 4.000000
40.737918 -73.992224 0.000000 4.000000
40.735390 -73.975110 0.000000 4.000000
40.808958 -73.940403 0.000000 4.000000
40.862886 -73.929986 0.000000 4.000000
40.752693 -73.973046 0.000000 4.000000
40.810174 -73.951167 0.000000 4.000000
40.756133 -73.967605 0.000000 4.000000
40.709306 -74.011935 0.000000 4.000000
40.738171 -73.977602 0.000000 4.000000
40.720939 -73.993795 0.000000 4.000000
40.806408 -73.940156 0.000000 4.000000
40.766238 -73.995455 0.000000 4.000000
40.749102 -73.992006 1.000000 4.000000
40.740701 -74.008960 0.000000 4.000000
40.726054 -73.983534 0.000000 4.000000
40.748356 -74.003688 0.000000 4.000000
40.762025 -74.001152 0.000000 4.000000
40.819047 -73.944686 0.000000 4.000000
40.816443 -73.940465 0.000000 4.000000
40.761551 -73.966584 0.000000 4.000000
40.744061 -74.006810 0.000000 4.000000
40.748290 -73.988177 1.000000 4.000000
40.747773 -73.985044 0.000000 4.000000
40.770753 -73.956940 0.000000 4.000000
40.867793 -73.929988 0.000000 4.000000
40.854168 -73.933704 2.000000 4.000000
40.738137 -74.005593 0.000000 4.000000
40.757973 -73.985536 0.000000 4.000000
40.720321 -73.994040 0.000000 4.000000
40.823360 -73.947165 0.000000 4.000000
40.720321 -73.994040 0.000000 4.000000
40.866530 -73.920452 0.000000 4.000000
40.723308 -74.002980 0.000000 4.000000
40.723010 -73.985753 0.000000 4.000000
40.739880 -73.998712 0.000000 4.000000
40.783900 -73.974059 0.000000 4.000000
40.734618 -73.986213 0.000000 4.000000
40.724267 -73.984837 0.000000 4.000000
40.742854 -73.977207 0.000000 4.000000
40.764918 -73.955157 0.000000 4.000000
40.747895 -73.989166 0.000000 4.000000
40.716814 -73.997763 0.000000 4.000000
40.730614 -74.000516 1.000000 4.000000
40.725777 -73.986604 0.000000 4.000000
40.863755 -73.919432 0.000000 4.000000
40.724273 -73.990818 0.000000 4.000000
40.774612 -73.948085 1.000000 4.000000
40.803216 -73.952530 1.000000 4.000000
40.728811 -73.995061 2.000000 4.000000
40.767343 -73.968672 0.000000 4.000000
40.766559 -73.962928 0.000000 4.000000
40.808973 -73.948325 1.000000 4.000000
40.757701 -73.969394 1.000000 4.000000
40.745230 -74.005958 0.000000 4.000000
40.764056 -73.992242 0.000000 4.000000
40.750775 -73.976537 0.000000 4.000000
40.761789 -73.957441 0.000000 4.000000
40.719722 -73.982803 0.000000 4.000000
40.726436 -74.005657 0.000000 4.000000
40.729551 -73.989901 0.000000 4.000000
40.719484 -73.991284 0.000000 4.000000
40.728772 -74.007090 0.000000 4.000000
40.745441 -73.975394 0.000000 4.000000
40.724952 -73.994909 0.000000 4.000000
40.783147 -73.978327 0.000000 4.000000
40.759165 -73.976743 0.000000 4.000000
40.773341 -73.949010 2.000000 4.000000
40.766045 -73.983365 0.000000 4.000000
40.762807 -73.993156 0.000000 4.000000
40.721309 -73.994704 0.000000 4.000000
40.723585 -74.004517 0.000000 4.000000
40.768439 -73.989050 0.000000 4.000000
40.866761 -73.920611 0.000000 4.000000
40.863793 -73.919414 2.000000 4.000000
40.723365 -73.995703 0.000000 4.000000
40.788996 -73.946557 1.000000 4.000000
40.756035 -73.986948 1.000000 4.000000
40.821205 -73.935692 0.000000 4.000000
40.740023 -74.005290 0.000000 4.000000
40.846763 -73.933777 0.000000 4.000000
40.719593 -73.986750 0.000000 4.000000
40.803878 -73.946133 0.000000 4.000000
40.754951 -73.990258 0.000000 4.000000
40.730122 -73.989468 0.000000 4.000000
40.763043 -73.956526 0.000000 4.000000
40.827634 -73.935758 0.000000 4.000000
40.756764 -73.967153 1.000000 4.000000
40.731127 -74.004225 0.000000 4.000000
40.765530 -73.997671 0.000000 4.000000
40.719972 -73.992897 1.000000 4.000000
40.756133 -73.967605 0.000000 4.000000
40.811776 -73.957427 3.000000 4.000000
40.757145 -73.993561 0.000000 4.000000
40.791584 -73.950997 0.000000 4.000000
40.725083 -73.995328 0.000000 4.000000
40.790895 -73.945168 0.000000 4.000000
40.864103 -73.919182 0.000000 4.000000
40.752379 -73.970343 0.000000 4.000000
40.755564 -73.990998 0.000000 4.000000
40.764231 -73.982965 0.000000 4.000000
40.751701 -73.986400 0.000000 4.000000
40.866200 -73.928060 0.000000 4.000000
40.822018 -73.953670 0.000000 4.000000
40.753318 -73.972587 0.000000 4.000000
40.742839 -74.000274 0.000000 4.000000
40.811266 -73.957810 3.000000 4.000000
40.724878 -73.975164 0.000000 4.000000
40.753368 -73.974648 0.000000 4.000000
40.815691 -73.958295 0.000000 4.000000
40.766045 -73.983365 0.000000 4.000000
40.742864 -74.003970 0.000000 4.000000
40.722498 -73.976893 2.000000 4.000000
40.758432 -73.973069 2.000000 4.000000
40.740471 -73.998286 0.000000 4.000000
40.798307 -73.936823 2.000000 4.000000
40.760159 -74.002639 1.000000 4.000000
40.757256 -73.985822 0.000000 4.000000
40.705002 -74.012631 0.000000 4.000000
40.760301 -73.994983 0.000000 4.000000
40.777874 -73.951743 0.000000 4.000000
40.832766 -73.945824 2.000000 4.000000
40.731020 -73.985910 0.000000 4.000000
40.749706 -73.991562 0.000000 4.000000
40.718556 -73.988200 0.000000 4.000000
40.799979 -73.942734 0.000000 4.000000
40.751577 -73.982275 0.000000 4.000000
40.763430 -73.992701 0.000000 4.000000
40.752999 -73.969887 0.000000 4.000000
40.823509 -73.941427 0.000000 4.000000
40.794651 -73.971783 1.000000 4.000000
40.762968 -73.981893 0.000000 4.000000
40.763485 -73.988946 0.000000 4.000000
40.760420 -73.975829 0.000000 4.000000
40.752723 -73.996788 0.000000 4.000000
40.763114 -73.962515 0.000000 4.000000
40.761222 -73.969858 0.000000 4.000000
40.846153 -73.932324 0.000000 4.000000
40.732222 -74.003554 0.000000 4.000000
40.729186 -73.987249 0.000000 4.000000
40.788312 -73.976502 0.000000 4.000000
40.738755 -74.005496 2.000000 4.000000
40.797450 -73.946702 0.000000 4.000000
40.719722 -73.987208 0.000000 4.000000
40.792815 -73.937735 0.000000 4.000000
40.769344 -73.961793 0.000000 4.000000
40.809491 -73.951663 0.000000 4.000000
40.764281 -73.998581 0.000000 4.000000
40.725432 -73.996771 0.000000 4.000000
40.738044 -73.996337 0.000000 4.000000
40.820966 -73.939565 1.000000 4.000000
40.812751 -73.945570 3.000000 4.000000
40.758007 -73.966240 0.000000 4.000000
40.747297 -73.974044 0.000000 4.000000
40.732253 -73.996352 1.000000 4.000000
40.724136 -73.992604 1.000000 4.000000
40.720235 -73.984477 0.000000 4.000000
40.764736 -73.988033 0.000000 4.000000
40.716814 -73.997763 0.000000 4.000000
40.761771 -73.979056 0.000000 4.000000
40.808846 -73.959596 0.000000 4.000000
40.738146 -74.005878 0.000000 4.000000
40.787064 -73.941936 0.000000 4.000000
40.752769 -73.983206 0.000000 4.000000
40.713723 -74.003586 0.000000 4.000000
40.714928 -74.007940 1.000000 4.000000
40.719204 -73.990364 1.000000 4.000000
40.736035 -73.997806 0.000000 4.000000
40.864395 -73.920509 0.000000 4.000000
40.813390 -73.956259 1.000000 4.000000
40.718556 -73.988200 0.000000 4.000000
40.795252 -73.973209 1.000000 4.000000
40.812611 -73.956826 0.000000 4.000000
40.742255 -74.000704 1.000000 4.000000
40.725772 -74.000898 0.000000 4.000000
40.765676 -73.976235 0.000000 4.000000
40.733974 -74.000357 0.000000 4.000000
40.865536 -73.927268 0.000000 4.000000
40.736377 -73.984935 0.000000 4.000000
40.866449 -73.930489 0.000000 4.000000
40.846047 -73.940240 0.000000 4.000000
40.713056 -74.007225 0.000000 4.000000
40.738831 -73.983148 0.000000 4.000000
40.758022 -73.981793 1.000000 4.000000
40.830890 -73.943473 0.000000 4.000000
40.707772 -74.012963 1.000000 4.000000
40.761148 -73.979515 0.000000 4.000000
40.797450 -73.946702 0.000000 4.000000
40.800664 -73.946461 1.000000 4.000000
40.767396 -73.996329 0.000000 4.000000
40.767392 -73.982365 0.000000 4.000000
40.722672 -73.982964 0.000000 4.000000
40.742285 -74.004417 0.000000 4.000000
40.759790 -73.987926 0.000000 4.000000
40.736968 -74.009952 1.000000 4.000000
40.797945 -73.942122 0.000000 4.000000
40.797945 -73.942122 0.000000 4.000000
40.756527 -73.994019 0.000000 4.000000
40.745416 -74.008199 0.000000 4.000000
40.746333 -73.986084 0.000000 4.000000
40.789169 -73.952743 0.000000 4.000000
40.762807 -73.993156 0.000000 4.000000
40.741080 -74.001555 0.000000 4.000000
40.767917 -73.985715 1.000000 4.000000
40.730442 -73.980339 0.000000 4.000000
40.718946 -73.975451 1.000000 4.000000
40.739173 -73.976862 0.000000 4.000000
40.767744 -73.982112 0.000000 4.000000
40.797217 -73.969914 0.000000 4.000000
40.727745 -73.991276 0.000000 4.000000
40.750307 -74.008366 0.000000 4.000000
40.834061 -73.944880 0.000000 4.000000
40.762963 -73.971868 0.000000 4.000000
40.863113 -73.920612 0.000000 4.000000
40.766714 -73.982878 0.000000 4.000000
40.862412 -73.922492 0.000000 4.000000
40.749706 -73.991562 0.000000 4.000000
40.807598 -73.937179 1.000000 4.000000
40.758007 -73.966240 0.000000 4.000000
40.737235 -73.975372 0.000000 4.000000
40.770571 -73.982140 1.000000 4.000000
40.740471 -73.998286 0.000000 4.000000
40.743324 -73.984074 0.000000 4.000000
40.822836 -73.941916 0.000000 4.000000
40.862581 -73.925374 0.000000 4.000000
40.829592 -73.950058 0.000000 4.000000
40.718556 -73.988200 0.000000 4.000000
40.727661 -74.001389 0.000000 4.000000
40.821382 -73.954133 0.000000 4.000000
40.731064 -74.001411 0.000000 4.000000
40.737546 -73.984083 0.000000 4.000000
40.743212 -74.008614 1.000000 4.000000
40.755292 -73.994922 0.000000 4.000000
40.820098 -73.955076 5.000000 4.000000
40.760823 -73.998314 0.000000 4.000000
40.760153 -73.998794 0.000000 4.000000
40.743470 -74.007232 0.000000 4.000000
40.802751 -73.933575 0.000000 4.000000
40.733292 -73.987180 0.000000 4.000000
40.732603 -73.987681 0.000000 4.000000
40.760159 -74.002639 0.000000 4.000000
40.728424 -73.999679 0.000000 4.000000
40.837803 -73.942141 1.000000 4.000000
40.760601 -73.964314 0.000000 4.000000
40.724551 -74.001934 0.000000 4.000000
40.745682 -73.972125 0.000000 4.000000
40.719204 -73.990364 0.000000 4.000000
40.810764 -73.952590 1.000000 4.000000
40.847429 -73.931394 0.000000 4.000000
40.733921 -73.992794 0.000000 4.000000
40.767494 -73.959318 0.000000 4.000000
40.744621 -74.002692 5.000000 4.000000
40.739177 -73.989766 0.000000 4.000000
40.758487 -73.975133 0.000000 4.000000
40.741623 -73.993735 0.000000 4.000000
40.825232 -73.947604 1.000000 4.000000
40.741080 -74.001555 0.000000 4.000000
40.726933 -73.999917 0.000000 4.000000
40.772301 -73.986237 0.000000 4.000000
40.727846 -73.982227 2.000000 4.000000
40.748215 -73.968540 0.000000 4.000000
40.709709 -74.012837 0.000000 4.000000
40.726137 -73.995061 0.000000 4.000000
40.717280 -73.995429 0.000000 4.000000
40.766045 -73.983365 0.000000 4.000000
40.860242 -73.928420 0.000000 4.000000
40.721463 -73.988524 0.000000 4.000000
40.758007 -73.966240 3.000000 4.000000
40.754491 -74.006739 0.000000 4.000000
40.758981 -73.995943 0.000000 4.000000
40.741275 -73.975342 0.000000 4.000000
40.777232 -73.946169 0.000000 4.000000
40.840195 -73.943064 0.000000 4.000000
40.757382 -73.966702 0.000000 4.000000
40.820098 -73.955076 1.000000 4.000000
40.750294 -73.994843 0.000000 4.000000
40.724136 -73.992604 0.000000 4.000000
40.722242 -73.986287 0.000000 4.000000
40.726436 -74.005657 0.000000 4.000000
40.718018 -73.999957 0.000000 4.000000
40.861310 -73.921232 0.000000 4.000000
40.726392 -73.991796 0.000000 4.000000
40.758981 -73.995943 0.000000 4.000000
40.724880 -74.002619 0.000000 4.000000
40.749706 -73.991562 0.000000 4.000000
40.756139 -73.983169 0.000000 4.000000
40.778139 -73.954484 1.000000 4.000000
40.810941 -73.943172 0.000000 4.000000
40.787566 -73.978813 0.000000 4.000000
40.865536 -73.927268 0.000000 4.000000
40.763655 -73.999047 0.000000 4.000000
40.741275 -73.975342 0.000000 4.000000
40.710177 -74.001136 0.000000 4.000000
40.728067 -73.998954 0.000000 4.000000
40.735433 -73.982694 2.000000 4.000000
40.752893 -73.987310 0.000000 4.000000
40.723650 -73.991024 1.000000 4.000000
40.726779 -73.988985 0.000000 4.000000
40.740262 -73.990516 0.000000 4.000000
40.762750 -73.996914 0.000000 4.000000
40.741023 -73.978615 0.000000 4.000000
40.813051 -73.946277 1.000000 4.000000
40.801353 -73.967875 0.000000 4.000000
40.732348 -73.984939 1.000000 4.000000
40.726933 -73.999917 0.000000 4.000000
40.749824 -73.972202 1.000000 4.000000
40.794281 -73.949012 0.000000 4.000000
40.762025 -74.001152 0.000000 4.000000
40.733633 -74.002786 0.000000 4.000000
40.741667 -74.001130 0.000000 4.000000
40.748886 -73.975841 0.000000 4.000000
40.756035 -73.986948 0.000000 4.000000
40.718795 -73.989012 0.000000 4.000000
40.734138 -73.999184 0.000000 4.000000
40.756139 -73.983169 0.000000 4.000000
40.753475 -73.992529 0.000000 4.000000
40.849321 -73.933731 1.000000 4.000000
40.780065 -73.947048 1.000000 4.000000
40.841069 -73.936041 0.000000 4.000000
40.770073 -73.951399 0.000000 4.000000
40.830892 -73.941367 0.000000 4.000000
40.771696 -73.959182 0.000000 4.000000
40.718710 -74.000938 0.000000 4.000000
40.861903 -73.924930 0.000000 4.000000
40.742773 -73.986597 0.000000 4.000000
40.761551 -73.966584 0.000000 4.000000
40.736562 -74.001093 0.000000 4.000000
40.721449 -73.997399 0.000000 4.000000
40.751748 -73.970805 3.000000 4.000000
40.767162 -73.968271 0.000000 4.000000
40.756710 -73.986457 0.000000 4.000000
40.739751 -74.002522 0.000000 4.000000
40.766868 -73.959777 0.000000 4.000000
40.732928 -74.000065 0.000000 4.000000
40.814673 -73.936211 0.000000 4.000000
40.719484 -73.991284 0.000000 4.000000
40.718556 -73.988200 0.000000 4.000000
40.744629 -73.998971 0.000000 4.000000
40.740023 -74.005290 0.000000 4.000000
40.749824 -73.972202 0.000000 4.000000
40.758308 -73.962926 0.000000 4.000000
40.761036 -73.987016 2.000000 4.000000
40.708700 -74.007286 0.000000 4.000000
40.744443 -73.979058 1.000000 4.000000
40.719025 -73.989769 0.000000 4.000000
40.841077 -73.939767 1.000000 4.000000
40.767392 -73.982365 0.000000 4.000000
40.746078 -73.974936 0.000000 4.000000
40.722550 -74.006299 0.000000 4.000000
40.741055 -73.997860 0.000000 4.000000
40.732253 -73.996352 2.000000 4.000000
40.764222 -73.980979 0.000000 4.000000
40.820006 -73.958874 0.000000 4.000000
40.772209 -73.982179 0.000000 4.000000
40.861310 -73.921232 0.000000 4.000000
40.780173 -73.955093 0.000000 4.000000
40.852058 -73.934776 1.000000 4.000000
40.742235 -73.993291 0.000000 4.000000
40.734434 -73.989904 0.000000 4.000000
40.720840 -74.000660 0.000000 4.000000
40.720626 -73.994971 0.000000 4.000000
40.727866 -73.993145 0.000000 4.000000
40.740509 -74.009307 0.000000 4.000000
40.805154 -73.951113 1.000000 4.000000
40.755330 -73.991179 0.000000 4.000000
40.727866 -73.993145 1.000000 4.000000
40.716199 -74.000137 0.000000 4.000000
40.740644 -73.975797 0.000000 4.000000
40.748290 -73.988177 0.000000 4.000000
40.740184 -73.986363 5.000000 4.000000
40.768119 -73.958862 0.000000 4.000000
40.838426 -73.941689 2.000000 4.000000
40.787119 -73.947923 0.000000 4.000000
40.760993 -73.990759 0.000000 4.000000
40.799962 -73.946974 0.000000 4.000000
40.777874 -73.951743 0.000000 4.000000
40.834114 -73.941118 0.000000 4.000000
40.740942 -74.007481 0.000000 4.000000
40.717194 -73.984102 0.000000 4.000000
40.712598 -73.998885 0.000000 4.000000
40.721644 -73.989130 0.000000 4.000000
40.761391 -74.001736 0.000000 4.000000
40.808973 -73.948325 0.000000 4.000000
40.742235 -73.993291 0.000000 4.000000
40.862412 -73.922492 0.000000 4.000000
40.760353 -73.991232 1.000000 4.000000
40.728067 -73.998954 0.000000 4.000000
40.776562 -73.952705 1.000000 4.000000
40.820437 -73.936227 0.000000 4.000000
40.759406 -73.985103 0.000000 4.000000
40.723175 -73.989393 0.000000 4.000000
40.787901 -73.953672 0.000000 4.000000
40.864463 -73.918943 0.000000 4.000000
40.756607 -73.976502 0.000000 4.000000
40.744025 -74.008459 0.000000 4.000000
40.740023 -74.005290 0.000000 4.000000
40.728855 -74.005268 2.000000 4.000000
40.741645 -74.004861 0.000000 4.000000
40.742258 -73.977673 0.000000 4.000000
40.761551 -73.966584 0.000000 4.000000
40.732914 -74.003976 0.000000 4.000000
40.720321 -73.994040 0.000000 4.000000
40.722934 -73.988639 1.000000 4.000000
40.759308 -73.965293 0.000000 4.000000
40.741645 -74.004861 0.000000 4.000000
40.771065 -73.959644 0.000000 4.000000
40.776877 -73.949372 0.000000 4.000000
40.756527 -73.994019 1.000000 4.000000
40.737553 -74.008206 0.000000 4.000000
40.766714 -73.982878 0.000000 4.000000
40.790243 -73.973146 0.000000 4.000000
40.754491 -74.006739 0.000000 4.000000
40.759308 -73.965293 0.000000 4.000000
40.764113 -73.988495 0.000000 4.000000
40.748512 -73.988714 0.000000 4.000000
40.738839 -73.985234 0.000000 4.000000
40.750829 -74.001884 0.000000 4.000000
40.749157 -73.972693 0.000000 4.000000
40.761771 -73.979056 0.000000 4.000000
40.753368 -73.974648 0.000000 4.000000
40.726054 -73.983534 0.000000 4.000000
40.731707 -74.000956 0.000000 4.000000
40.718430 -74.000530 0.000000 4.000000
40.763589 -73.971410 0.000000 4.000000
40.727877 -74.005426 0.000000 4.000000
40.744801 -73.991418 0.000000 4.000000
40.718458 -73.994809 0.000000 4.000000
40.760223 -73.967462 0.000000 4.000000
40.764278 -73.973016 0.000000 4.000000
40.744187 -73.991869 0.000000 4.000000
40.763485 -73.988946 0.000000 4.000000
40.851697 -73.931994 1.000000 4.000000
40.749788 -73.987769 0.000000 4.000000
40.851435 -73.935084 0.000000 4.000000
40.754619 -73.973734 0.000000 4.000000
40.842917 -73.936589 0.000000 4.000000
40.785193 -73.949333 0.000000 4.000000
40.757065 -74.001054 0.000000 4.000000
40.758022 -73.981793 0.000000 4.000000
40.786461 -73.948397 0.000000 4.000000
40.810764 -73.952590 0.000000 4.000000
40.733526 -73.989868 1.000000 4.000000
40.750294 -73.994843 0.000000 4.000000
40.760116 -73.984836 0.000000 4.000000
40.756035 -73.986948 0.000000 4.000000
40.793474 -73.937257 0.000000 4.000000
40.744061 -74.006810 0.000000 4.000000
40.863165 -73.919874 0.000000 4.000000
40.756060 -73.961624 0.000000 4.000000
40.821293 -73.957912 0.000000 4.000000
40.767860 -73.964076 2.000000 4.000000
40.724863 -73.984403 1.000000 4.000000
40.817009 -73.959493 0.000000 4.000000
40.760993 -73.990759 0.000000 4.000000
40.866742 -73.928728 1.000000 4.000000
40.814011 -73.944647 0.000000 4.000000
40.748512 -73.988714 0.000000 4.000000
40.757232 -73.989792 0.000000 4.000000
40.720235 -73.984477 0.000000 4.000000
40.858273 -73.931817 1.000000 4.000000
40.749824 -73.972202 0.000000 4.000000
40.743449 -74.003540 0.000000 4.000000
40.783830 -73.977825 0.000000 4.000000
40.759200 -73.984619 0.000000 4.000000
40.779998 -73.976902 0.000000 4.000000
40.725472 -73.983960 0.000000 4.000000
40.715235 -74.005418 0.000000 4.000000
40.823567 -73.937673 0.000000 4.000000
40.760301 -73.994983 0.000000 4.000000
40.763115 -73.999650 1.000000 4.000000
40.741970 -73.980859 1.000000 4.000000
40.750307 -74.008366 0.000000 4.000000
40.760116 -73.984836 0.000000 4.000000
40.862581 -73.925374 0.000000 4.000000
40.762179 -73.966129 0.000000 4.000000
40.814633 -73.944192 1.000000 4.000000
40.863572 -73.926012 1.000000 4.000000
40.761601 -73.968642 0.000000 4.000000
40.757180 -73.973982 0.000000 4.000000
40.745727 -73.978123 0.000000 4.000000
40.759626 -73.995474 0.000000 4.000000
40.761148 -73.979515 0.000000 4.000000
40.778730 -73.977830 1.000000 4.000000
40.724403 -74.006039 0.000000 4.000000
40.747297 -73.974044 0.000000 4.000000
40.768033 -73.995848 0.000000 4.000000
40.741645 -74.004861 0.000000 4.000000
40.735390 -73.975110 1.000000 4.000000
40.734660 -74.004749 0.000000 4.000000
40.864463 -73.918943 0.000000 4.000000
40.774156 -73.984879 0.000000 4.000000
40.836558 -73.943053 0.000000 4.000000
40.758533 -73.988843 0.000000 4.000000
40.746078 -73.974936 0.000000 4.000000
40.848393 -73.937672 1.000000 4.000000
40.757021 -74.004927 0.000000 4.000000
40.757701 -73.969394 0.000000 4.000000
40.755242 -73.973276 0.000000 4.000000
40.719204 -73.990364 0.000000 4.000000
40.727090 -73.976639 1.000000 4.000000
40.747078 -73.981341 2.000000 4.000000
40.768439 -73.989050 1.000000 4.000000
40.714928 -74.007940 1.000000 4.000000
40.738755 -74.005496 0.000000 4.000000
40.732642 -74.008634 0.000000 4.000000
40.740701 -74.008960 0.000000 4.000000
40.759308 -73.965293 0.000000 4.000000
40.762805 -73.965670 0.000000 4.000000
40.791906 -73.941506 0.000000 4.000000
40.747769 -74.000397 0.000000 4.000000
40.744061 -74.006810 0.000000 4.000000
40.737229 -74.000646 0.000000 4.000000
40.727661 -74.001389 0.000000 4.000000
40.722698 -73.987864 0.000000 4.000000
40.752693 -73.973046 0.000000 4.000000
40.753242 -73.966617 0.000000 4.000000
40.719070 -73.993359 0.000000 4.000000
40.813390 -73.956259 1.000000 4.000000
40.730442 -73.980339 1.000000 4.000000
40.795312 -73.935912 2.000000 4.000000
40.760223 -73.967462 0.000000 4.000000
40.748800 -73.969846 1.000000 4.000000
40.818612 -73.960952 1.000000 4.000000
40.731893 -74.003789 0.000000 4.000000
40.744645 -74.006384 0.000000 4.000000
40.758574 -73.985049 0.000000 4.000000
40.730723 -73.989053 0.000000 4.000000
40.817548 -73.956935 0.000000 4.000000
40.743470 -74.007232 1.000000 4.000000
40.753242 -73.966617 0.000000 4.000000
40.758432 -73.973069 0.000000 4.000000
40.759842 -73.984175 0.000000 4.000000
40.751523 -73.993947 0.000000 4.000000
40.861310 -73.921232 3.000000 4.000000
40.764323 -73.977196 0.000000 4.000000
40.813778 -73.959687 0.000000 4.000000
40.725673 -74.005780 0.000000 4.000000
40.823887 -73.952306 0.000000 4.000000
40.723650 -73.985284 0.000000 4.000000
40.766494 -73.956957 0.000000 4.000000
40.769120 -73.955039 0.000000 4.000000
40.868114 -73.919752 0.000000 4.000000
40.715356 -73.997720 0.000000 4.000000
40.766494 -73.956957 0.000000 4.000000
40.820006 -73.958874 0.000000 4.000000
40.719484 -73.991284 0.000000 4.000000
40.744099 -73.995644 1.000000 4.000000
40.752936 -73.985487 0.000000 4.000000
40.719204 -73.990364 0.000000 4.000000
40.763430 -73.992701 0.000000 4.000000
40.854907 -73.929644 0.000000 4.000000
40.823887 -73.952306 1.000000 4.000000
40.726436 -74.005657 0.000000 4.000000
40.771738 -73.961243 0.000000 4.000000
40.709872 -74.007052 1.000000 4.000000
40.716542 -73.996984 0.000000 4.000000
40.732384 -74.010352 0.000000 4.000000
40.760928 -73.969133 0.000000 4.000000
40.846763 -73.933777 0.000000 4.000000
40.725432 -73.996771 0.000000 4.000000
40.739244 -73.999184 1.000000 4.000000
40.744443 -73.979058 0.000000 4.000000
40.747629 -73.976736 0.000000 4.000000
40.780174 -73.959310 2.000000 4.000000
40.746078 -73.974936 0.000000 4.000000
40.743212 -74.008614 1.000000 4.000000
40.720840 -74.000660 1.000000 4.000000
40.767119 -73.956495 0.000000 4.000000
40.779180 -73.950793 0.000000 4.000000
40.728067 -73.998954 0.000000 4.000000
40.720709 -73.981309 2.000000 4.000000
40.750991 -73.990623 0.000000 4.000000
40.719972 -73.992897 1.000000 4.000000
40.748438 -73.984560 0.000000 4.000000
40.719204 -73.990364 1.000000 4.000000
40.853717 -73.926801 0.000000 4.000000
40.747206 -73.997098 0.000000 4.000000
40.725673 -74.005780 0.000000 4.000000
40.810993 -73.954288 0.000000 4.000000
40.726933 -73.999917 0.000000 4.000000
40.813388 -73.945103 1.000000 4.000000
40.842154 -73.942278 0.000000 4.000000
40.722550 -74.006299 0.000000 4.000000
40.757748 -73.971452 0.000000 4.000000
40.795252 -73.973209 0.000000 4.000000
40.764898 -73.972553 0.000000 4.000000
40.741642 -73.997434 0.000000 4.000000
40.747009 -73.977187 0.000000 4.000000
40.811477 -73.950216 0.000000 4.000000
40.732928 -74.000065 0.000000 4.000000
40.725583 -73.989869 0.000000 4.000000
40.783248 -73.944723 0.000000 4.000000
40.754348 -73.976972 1.000000 4.000000
40.741055 -73.997860 0.000000 4.000000
40.771464 -73.994346 0.000000 4.000000
40.726436 -74.005657 0.000000 4.000000
40.725932 -73.994650 0.000000 4.000000
40.749824 -73.972202 0.000000 4.000000
40.851697 -73.931994 1.000000 4.000000
40.812692 -73.953127 0.000000 4.000000
40.849895 -73.933311 0.000000 4.000000
40.801235 -73.941815 0.000000 4.000000
40.738552 -73.999682 0.000000 4.000000
40.821293 -73.957912 0.000000 4.000000
40.726933 -73.999917 0.000000 4.000000
40.736669 -73.997341 0.000000 4.000000
40.730320 -74.004687 1.000000 4.000000
40.793606 -73.949507 0.000000 4.000000
40.731351 -73.982555 1.000000 4.000000
40.848039 -73.932850 0.000000 4.000000
40.799307 -73.943233 2.000000 4.000000
40.731064 -74.001411 0.000000 4.000000
40.742864 -74.003970 0.000000 4.000000
40.761610 -73.970750 0.000000 4.000000
40.719972 -73.992897 0.000000 4.000000
40.811508 -73.946477 1.000000 4.000000
40.735205 -73.985787 0.000000 4.000000
40.787901 -73.953672 0.000000 4.000000
40.776683 -73.983048 0.000000 4.000000
40.723121 -74.006234 0.000000 4.000000
40.773876 -73.982226 0.000000 4.000000
40.809070 -73.944539 2.000000 4.000000
40.751447 -74.001429 0.000000 4.000000
40.729776 -73.986809 0.000000 4.000000
40.721353 -74.004636 2.000000 4.000000
40.718556 -73.988200 0.000000 4.000000
40.856614 -73.929682 0.000000 4.000000
40.729826 -74.010600 0.000000 4.000000
40.787656 -73.977062 0.000000 4.000000
40.848120 -73.930884 0.000000 4.000000
40.753242 -73.966617 0.000000 4.000000
40.756352 -74.005403 0.000000 4.000000
40.760223 -73.967462 0.000000 4.000000
40.733743 -74.006293 2.000000 4.000000
40.766045 -73.983365 0.000000 4.000000
40.853101 -73.929147 0.000000 4.000000
40.744645 -74.006384 0.000000 4.000000
40.729186 -73.987249 0.000000 4.000000
40.759308 -73.965293 0.000000 4.000000
40.806975 -73.937635 0.000000 4.000000
40.748800 -73.969846 0.000000 4.000000
40.720321 -73.994040 1.000000 4.000000
40.765991 -73.987123 0.000000 4.000000
40.757232 -73.989792 1.000000 4.000000
40.739861 -73.995017 0.000000 4.000000
40.851697 -73.931994 0.000000 4.000000
40.761771 -73.979056 0.000000 4.000000
40.740395 -73.979077 0.000000 4.000000
40.719593 -73.986750 0.000000 4.000000
40.747895 -73.989166 1.000000 4.000000
40.760993 -73.990759 0.000000 4.000000
40.744065 -73.987748 0.000000 4.000000
40.795072 -73.939188 0.000000 4.000000
40.733611 -73.999556 0.000000 4.000000
40.743429 -73.996128 0.000000 4.000000
40.738797 -73.977147 0.000000 4.000000
40.752190 -73.993464 0.000000 4.000000
40.764904 -73.998137 0.000000 4.000000
40.732603 -73.987681 0.000000 4.000000
40.710827 -74.003380 4.000000 4.000000
40.725083 -73.995328 0.000000 4.000000
40.791906 -73.941506 0.000000 4.000000
40.730060 -73.999365 0.000000 4.000000
40.722550 -74.006299 2.000000 4.000000
40.843223 -73.939176 0.000000 4.000000
40.736669 -73.997341 0.000000 4.000000
40.767343 -73.968672 1.000000 4.000000
40.815829 -73.947034 1.000000 4.000000
40.860242 -73.928420 1.000000 4.000000
40.741623 -73.993735 1.000000 4.000000
40.862412 -73.922492 0.000000 4.000000
40.723881 -73.996951 0.000000 4.000000
40.761607 -73.990315 0.000000 4.000000
40.741350 -73.981311 0.000000 4.000000
40.761719 -73.982807 0.000000 4.000000
40.731322 -73.988613 1.000000 4.000000
40.848120 -73.930884 0.000000 4.000000
40.749725 -73.983622 0.000000 4.000000
40.737143 -73.988594 0.000000 4.000000
40.820006 -73.958874 0.000000 4.000000
40.718556 -73.988200 0.000000 4.000000
40.762916 -73.985647 0.000000 4.000000
40.733633 -74.002786 0.000000 4.000000
40.761771 -73.979056 0.000000 4.000000
40.731707 -74.000956 0.000000 4.000000
40.844789 -73.937043 1.000000 4.000000
40.751523 -73.993947 0.000000 4.000000
40.738312 -73.987742 0.000000 4.000000
40.755979 -73.976961 0.000000 4.000000
40.850774 -73.935425 0.000000 4.000000
40.756035 -73.986948 0.000000 4.000000
40.854309 -73.930082 0.000000 4.000000
40.754876 -73.968522 1.000000 4.000000
40.752855 -73.992980 0.000000 4.000000
40.729494 -74.006974 1.000000 4.000000
40.757701 -73.969394 0.000000 4.000000
40.732348 -73.984939 1.000000 4.000000
40.752120 -73.977677 0.000000 4.000000
40.761093 -73.983261 0.000000 4.000000
40.759578 -73.968025 0.000000 4.000000
40.759578 -73.968025 0.000000 4.000000
40.741028 -73.994161 0.000000 4.000000
40.784237 -73.947070 0.000000 4.000000
40.863113 -73.920612 0.000000 4.000000
40.749053 -73.995749 0.000000 4.000000
40.726397 -73.986164 0.000000 4.000000
40.784515 -73.949825 1.000000 4.000000
40.753242 -73.966617 0.000000 4.000000
40.727594 -73.985294 1.000000 4.000000
40.821638 -73.939077 0.000000 4.000000
40.753944 -73.972136 1.000000 4.000000
40.744801 -73.991418 0.000000 4.000000
40.827200 -73.936680 0.000000 4.000000
40.748400 -73.999939 0.000000 4.000000
40.759578 -73.968025 0.000000 4.000000
40.755807 -73.986403 0.000000 4.000000
40.729432 -73.978027 0.000000 4.000000
40.709485 -73.994023 2.000000 4.000000
40.754876 -73.968522 0.000000 4.000000
40.778730 -73.977830 0.000000 4.000000
40.798129 -73.948312 0.000000 4.000000
40.715235 -74.005418 2.000000 4.000000
40.774281 -73.977369 0.000000 4.000000
40.798563 -73.963362 1.000000 4.000000
40.723425 -73.990274 0.000000 4.000000
40.779364 -73.977368 0.000000 4.000000
40.721422 -73.999033 1.000000 4.000000
40.722019 -73.983445 1.000000 4.000000
40.788312 -73.976502 2.000000 4.000000
40.847357 -73.935171 1.000000 4.000000
40.758329 -73.968936 0.000000 4.000000
40.750209 -74.002331 0.000000 4.000000
40.750494 -73.971711 0.000000 4.000000
40.740184 -73.986363 6.000000 4.000000
40.848120 -73.930884 0.000000 4.000000
40.778806 -73.947966 0.000000 4.000000
40.719935 -73.978752 0.000000 4.000000
40.749484 -73.975382 0.000000 4.000000
40.744187 -73.991869 1.000000 4.000000
40.861310 -73.921232 0.000000 4.000000
40.827680 -73.951321 0.000000 4.000000
40.868886 -73.917593 0.000000 4.000000
40.747206 -73.997098 0.000000 4.000000
40.794862 -73.946480 0.000000 4.000000
40.763658 -73.973464 0.000000 4.000000
40.750766 -73.974443 1.000000 4.000000
40.744061 -74.006810 0.000000 4.000000
40.760601 -73.964314 0.000000 4.000000
40.762582 -74.000386 0.000000 4.000000
40.720557 -74.003510 0.000000 4.000000
40.751081 -73.986852 0.000000 4.000000
40.735988 -73.989456 0.000000 4.000000
40.709913 -74.006089 0.000000 4.000000
40.825138 -73.951395 0.000000 4.000000
40.783248 -73.944723 1.000000 4.000000
40.740701 -74.008960 0.000000 4.000000
40.861310 -73.921232 0.000000 4.000000
40.846911 -73.938233 0.000000 4.000000
40.750209 -74.002331 1.000000 4.000000
40.750209 -74.002331 0.000000 4.000000
40.772332 -73.958715 0.000000 4.000000
40.747078 -73.981341 0.000000 4.000000
40.762025 -74.001152 0.000000 4.000000
40.763114 -73.962515 0.000000 4.000000
40.752059 -74.000982 0.000000 4.000000
40.760229 -73.961521 1.000000 4.000000
40.755807 -73.986403 0.000000 4.000000
40.745441 -73.975394 0.000000 4.000000
40.794466 -73.939629 1.000000 4.000000
40.767860 -73.964076 0.000000 4.000000
40.739168 -73.979969 1.000000 4.000000
40.731300 -74.010460 0.000000 4.000000
40.762025 -74.001152 0.000000 4.000000
40.770424 -73.964320 0.000000 4.000000
40.769439 -73.951858 0.000000 4.000000
40.732928 -74.000065 0.000000 4.000000
40.767917 -73.985715 0.000000 4.000000
40.754570 -73.971677 0.000000 4.000000
40.739782 -73.979503 0.000000 4.000000
40.757701 -73.969394 0.000000 4.000000
40.775481 -73.980203 0.000000 4.000000
40.760823 -73.998314 0.000000 4.000000
40.798622 -73.941619 1.000000 4.000000
40.715633 -73.998492 0.000000 4.000000
40.794052 -73.970367 1.000000 4.000000
40.725797 -73.997612 1.000000 4.000000
40.759527 -73.999242 0.000000 4.000000
40.752855 -73.992980 0.000000 4.000000
40.751453 -73.978153 0.000000 4.000000
40.739751 -74.002522 0.000000 4.000000
40.864463 -73.918943 0.000000 4.000000
40.750294 -73.994843 0.000000 4.000000
40.780125 -73.953034 0.000000 4.000000
40.743797 -73.989011 0.000000 4.000000
40.739751 -74.002522 0.000000 4.000000
40.760776 -74.002184 3.000000 4.000000
40.740262 -74.005864 2.000000 4.000000
40.808447 -73.944995 0.000000 4.000000
40.739751 -74.002522 0.000000 4.000000
40.858913 -73.922959 0.000000 4.000000
40.807772 -73.945483 0.000000 4.000000
40.742864 -74.003970 0.000000 4.000000
40.762488 -73.962974 0.000000 4.000000
40.761551 -73.966584 0.000000 4.000000
40.742285 -74.004417 0.000000 4.000000
40.858913 -73.922959 0.000000 4.000000
40.866062 -73.922499 0.000000 4.000000
40.757125 -73.971907 0.000000 4.000000
40.725007 -73.999343 0.000000 4.000000
40.834061 -73.944880 1.000000 4.000000
40.808973 -73.948325 0.000000 4.000000
40.755505 -73.968067 0.000000 4.000000
40.712309 -73.994362 0.000000 4.000000
40.723022 -73.998813 0.000000 4.000000
40.768033 -73.995848 0.000000 4.000000
40.791621 -73.948848 1.000000 4.000000
40.756035 -73.986948 0.000000 4.000000
40.759200 -73.984619 0.000000 4.000000
40.724694 -73.994181 0.000000 4.000000
40.725432 -73.996771 0.000000 4.000000
40.709306 -74.011935 0.000000 4.000000
40.743424 -73.999848 0.000000 4.000000
40.827206 -73.942454 0.000000 4.000000
40.770314 -73.991400 1.000000 4.000000
40.741623 -73.993735 1.000000 4.000000
40.817846 -73.941844 0.000000 4.000000
40.862581 -73.925374 0.000000 4.000000
40.764988 -73.961150 0.000000 4.000000
40.758377 -73.994376 0.000000 4.000000
40.739087 -73.991376 0.000000 4.000000
40.733611 -73.999556 0.000000 4.000000
40.758487 -73.975133 0.000000 4.000000
40.769639 -73.991891 0.000000 4.000000
40.743324 -73.984074 3.000000 4.000000
40.754177 -73.984595 0.000000 4.000000
40.764281 -73.998581 0.000000 4.000000
40.862395 -73.918013 0.000000 4.000000
40.760223 -73.967462 0.000000 4.000000
40.760928 -73.969133 0.000000 4.000000
40.717922 -73.993095 0.000000 4.000000
40.783934 -73.944225 2.000000 4.000000
40.756139 -73.983169 0.000000 4.000000
40.761607 -73.990315 0.000000 4.000000
40.794862 -73.946480 2.000000 4.000000
40.862613 -73.928598 0.000000 4.000000
40.719972 -73.992897 0.000000 4.000000
40.744628 -73.985243 0.000000 4.000000
40.862412 -73.922492 0.000000 4.000000
40.820437 -73.936227 0.000000 4.000000
40.738552 -73.999682 0.000000 4.000000
40.809497 -73.935808 4.000000 4.000000
40.722470 -73.987135 0.000000 4.000000
40.773530 -73.985331 0.000000 4.000000
40.740184 -73.986363 0.000000 4.000000
40.756568 -73.990276 0.000000 4.000000
40.800980 -73.931774 0.000000 4.000000
40.718430 -74.000530 4.000000 4.000000
40.722934 -73.988639 0.000000 4.000000
40.719935 -73.978752 0.000000 4.000000
40.784566 -73.951883 1.000000 4.000000
40.746403 -73.979725 1.000000 4.000000
40.821638 -73.939077 0.000000 4.000000
40.761501 -73.997820 1.000000 4.000000
40.863424 -73.930026 0.000000 4.000000
40.747765 -73.982958 2.000000 4.000000
40.795072 -73.939188 0.000000 4.000000
40.764791 -73.984282 2.000000 4.000000
40.755330 -73.991179 0.000000 4.000000
40.796216 -73.949697 0.000000 4.000000
40.718018 -73.999957 0.000000 4.000000
40.732757 -73.990027 0.000000 4.000000
40.741623 -73.993735 2.000000 4.000000
40.754491 -74.006739 0.000000 4.000000
40.732253 -73.996352 0.000000 4.000000
40.771783 -73.965435 0.000000 4.000000
40.761771 -73.979056 0.000000 4.000000
40.760535 -73.958351 0.000000 4.000000
40.748290 -73.988177 0.000000 4.000000
40.756352 -74.005403 0.000000 4.000000
40.864113 -73.921250 0.000000 4.000000
40.742910 -73.992804 1.000000 4.000000
40.762106 -73.960137 1.000000 4.000000
40.848120 -73.930884 0.000000 4.000000
40.774959 -73.958894 0.000000 4.000000
40.804380 -73.939522 1.000000 4.000000
40.743797 -73.989011 0.000000 4.000000
40.810174 -73.951167 0.000000 4.000000
40.729186 -73.987249 0.000000 4.000000
40.752801 -73.979286 0.000000 4.000000
40.763114 -73.962515 0.000000 4.000000
40.740733 -73.981762 0.000000 4.000000
40.739087 -73.991376 0.000000 4.000000
40.861464 -73.924999 1.000000 4.000000
40.722929 -74.002172 0.000000 4.000000
40.733921 -73.992794 2.000000 4.000000
40.863572 -73.926012 1.000000 4.000000
40.723260 -73.988430 1.000000 4.000000
40.744061 -74.006810 0.000000 4.000000
40.839178 -73.941135 1.000000 4.000000
40.820770 -73.954585 0.000000 4.000000
40.729551 -73.989901 1.000000 4.000000
40.758035 -73.960183 0.000000 4.000000
40.762127 -73.997387 0.000000 4.000000
40.808396 -73.952953 1.000000 4.000000
40.731659 -73.985445 0.000000 4.000000
40.720436 -74.006696 0.000000 4.000000
40.720840 -74.000660 0.000000 4.000000
40.789308 -73.943397 2.000000 4.000000
40.761234 -73.963884 0.000000 4.000000
40.737361 -73.996839 1.000000 4.000000
40.755824 -73.970760 0.000000 4.000000
40.810175 -73.937408 0.000000 4.000000
40.709306 -74.011935 1.000000 4.000000
40.763366 -73.982817 0.000000 4.000000
40.760993 -73.990759 0.000000 4.000000
40.733216 -74.003031 2.000000 4.000000
40.775002 -73.963086 0.000000 4.000000
40.862605 -73.920276 0.000000 4.000000
40.744099 -73.995644 1.000000 4.000000
40.734339 -74.002392 1.000000 4.000000
40.757232 -73.989792 1.000000 4.000000
40.721353 -74.004636 2.000000 4.000000
40.719750 -73.992161 0.000000 4.000000
40.752855 -73.992980 0.000000 4.000000
40.757828 -73.993070 0.000000 4.000000
40.727820 -73.994750 1.000000 4.000000
40.725083 -73.995328 0.000000 4.000000
40.780858 -73.958815 0.000000 4.000000
40.717724 -73.985765 1.000000 4.000000
40.848183 -73.941366 0.000000 4.000000
40.763991 -73.958782 0.000000 4.000000
40.739866 -73.989582 1.000000 4.000000
40.759626 -73.995474 0.000000 4.000000
40.751453 -73.978153 0.000000 4.000000
40.753944 -73.972136 0.000000 4.000000
40.832766 -73.945824 2.000000 4.000000
40.775562 -73.950337 0.000000 4.000000
40.727976 -73.988119 1.000000 4.000000
40.727820 -73.994750 0.000000 4.000000
40.747854 -73.992908 0.000000 4.000000
40.715356 -73.993402 0.000000 4.000000
40.767133 -73.993718 1.000000 4.000000
40.801235 -73.941815 0.000000 4.000000
40.754250 -73.968977 0.000000 4.000000
40.762750 -73.996914 0.000000 4.000000
40.747153 -73.985495 1.000000 4.000000
40.731300 -74.010460 0.000000 4.000000
40.760601 -73.964314 0.000000 4.000000
40.766876 -73.979076 1.000000 4.000000
40.791906 -73.941506 0.000000 4.000000
40.828974 -73.948592 0.000000 4.000000
40.759730 -73.991683 0.000000 4.000000
40.752693 -73.973046 0.000000 4.000000
40.745727 -73.978123 1.000000 4.000000
40.739751 -74.002522 0.000000 4.000000
40.753242 -73.966617 0.000000 4.000000
40.785294 -73.969335 0.000000 4.000000
40.763485 -73.988946 0.000000 4.000000
40.737361 -73.996839 0.000000 4.000000
40.807039 -73.949739 1.000000 4.000000
40.790872 -73.972691 0.000000 4.000000
40.747895 -73.989166 1.000000 4.000000
40.746682 -73.974495 0.000000 4.000000
40.807097 -73.945979 0.000000 4.000000
40.753481 -73.978784 4.000000 4.000000
40.764736 -73.988033 0.000000 4.000000
40.729826 -74.010600 0.000000 4.000000
40.863793 -73.919414 0.000000 4.000000
40.739751 -74.002522 0.000000 4.000000
40.738831 -73.983148 1.000000 4.000000
40.708700 -74.007286 0.000000 4.000000
40.756497 -73.972362 1.000000 4.000000
40.756497 -73.972362 0.000000 4.000000
40.785866 -73.950929 3.000000 4.000000
40.846153 -73.932324 0.000000 4.000000
40.736005 -73.993617 0.000000 4.000000
40.733611 -73.999556 0.000000 4.000000
40.762859 -73.989402 0.000000 4.000000
40.803567 -73.967141 0.000000 4.000000
40.781688 -73.948960 0.000000 4.000000
40.829163 -73.937267 0.000000 4.000000
40.788382 -73.947001 0.000000 4.000000
40.750829 -74.001884 0.000000 4.000000
40.768119 -73.958862 0.000000 4.000000
40.713135 -74.004058 0.000000 4.000000
40.761180 -73.957903 0.000000 4.000000
40.752281 -73.989692 1.000000 4.000000
40.758633 -73.965784 0.000000 4.000000
40.824653 -73.946221 0.000000 4.000000
40.739079 -74.003082 0.000000 4.000000
40.722300 -73.997121 0.000000 4.000000
40.756035 -73.986948 0.000000 4.000000
40.749824 -73.972202 0.000000 4.000000
40.757075 -73.969849 0.000000 4.000000
40.709092 -74.005511 0.000000 4.000000
40.801916 -73.953478 0.000000 4.000000
40.792921 -73.945784 0.000000 4.000000
40.761423 -73.984048 0.000000 4.000000
40.801970 -73.945510 0.000000 4.000000
40.733292 -73.987180 1.000000 4.000000
40.786100 -73.939658 0.000000 4.000000
40.715210 -73.984258 0.000000 4.000000
40.862605 -73.920276 0.000000 4.000000
40.824563 -73.948100 0.000000 4.000000
40.762582 -74.000386 0.000000 4.000000
40.844246 -73.933714 0.000000 4.000000
40.769296 -73.994939 0.000000 4.000000
40.731300 -74.010460 1.000000 4.000000
40.759308 -73.965293 0.000000 4.000000
40.763589 -73.971410 1.000000 4.000000
40.757828 -73.993070 0.000000 4.000000
40.775002 -73.963086 0.000000 4.000000
40.762916 -73.985647 0.000000 4.000000
40.705869 -74.013255 0.000000 4.000000
40.771464 -73.994346 0.000000 4.000000
40.799132 -73.966663 2.000000 4.000000
40.759899 -73.980425 5.000000 4.000000
40.704799 -74.016685 0.000000 4.000000
40.736669 -73.997341 0.000000 4.000000
40.759164 -73.988391 0.000000 4.000000
40.829083 -73.941079 0.000000 4.000000
40.765530 -73.997671 0.000000 4.000000
40.753909 -73.999614 0.000000 4.000000
40.740942 -74.007481 0.000000 4.000000
40.733392 -74.004276 0.000000 4.000000
40.863238 -73.926924 3.000000 4.000000
40.780858 -73.958815 1.000000 4.000000
40.799985 -73.944847 1.000000 4.000000
40.742910 -73.992804 0.000000 4.000000
40.740262 -73.990516 2.000000 4.000000
40.760116 -73.984836 0.000000 4.000000
40.721463 -73.988524 1.000000 4.000000
40.760601 -73.964314 0.000000 4.000000
40.762396 -73.978601 0.000000 4.000000
40.727877 -74.005426 0.000000 4.000000
40.795456 -73.965628 0.000000 4.000000
40.721309 -73.994704 1.000000 4.000000
40.759983 -73.964802 0.000000 4.000000
40.823647 -73.943844 0.000000 4.000000
40.762852 -73.967728 0.000000 4.000000
40.848120 -73.930884 0.000000 4.000000
40.733292 -73.987180 1.000000 4.000000
40.853717 -73.926801 0.000000 4.000000
40.756764 -73.967153 0.000000 4.000000
40.759165 -73.976743 0.000000 4.000000
40.738757 -74.008105 0.000000 4.000000
40.742864 -74.003970 0.000000 4.000000
40.818174 -73.956483 0.000000 4.000000
40.803700 -73.935817 0.000000 4.000000
40.756527 -73.994019 0.000000 4.000000
40.754491 -74.006739 0.000000 4.000000
40.863572 -73.926012 1.000000 4.000000
40.725231 -73.992214 8.000000 4.000000
40.731964 -73.988154 1.000000 4.000000
40.752723 -73.996788 0.000000 4.000000
40.724575 -73.987492 0.000000 4.000000
40.758981 -73.995943 0.000000 4.000000
40.857840 -73.932041 0.000000 4.000000
40.832866 -73.942033 0.000000 4.000000
40.722550 -74.006299 0.000000 4.000000
40.748540 -73.973141 0.000000 4.000000
40.720939 -73.993795 0.000000 4.000000
40.733212 -73.981057 0.000000 4.000000
40.754584 -73.999145 0.000000 4.000000
40.746302 -73.971659 0.000000 4.000000
40.823828 -73.938273 0.000000 4.000000
40.736562 -74.001093 1.000000 4.000000
40.867015 -73.923109 0.000000 4.000000
40.717381 -73.991303 0.000000 4.000000
40.727288 -74.000631 0.000000 4.000000
40.767917 -73.985715 0.000000 4.000000
40.735370 -73.989969 0.000000 4.000000
40.861310 -73.921232 0.000000 4.000000
40.741667 -74.001130 0.000000 4.000000
40.788429 -73.949063 0.000000 4.000000
40.738552 -73.999682 1.000000 4.000000
40.750294 -73.994843 0.000000 4.000000
40.799459 -73.951529 1.000000 4.000000
40.750218 -73.979056 0.000000 4.000000
40.761607 -73.990315 0.000000 4.000000
40.718004 -73.986584 0.000000 4.000000
40.743881 -73.981559 1.000000 4.000000
40.797945 -73.942122 0.000000 4.000000
40.725797 -73.997612 0.000000 4.000000
40.763025 -73.978139 0.000000 4.000000
40.824653 -73.946221 0.000000 4.000000
40.751438 -73.997679 0.000000 4.000000
40.772209 -73.982179 0.000000 4.000000
40.865536 -73.927268 1.000000 4.000000
40.820341 -73.940021 0.000000 4.000000
40.733436 -73.995490 0.000000 4.000000
40.841052 -73.944679 0.000000 4.000000
40.719593 -73.986750 1.000000 4.000000
40.765991 -73.987123 1.000000 4.000000
40.821263 -73.946079 0.000000 4.000000
40.725583 -73.989869 0.000000 4.000000
40.735553 -73.979349 0.000000 4.000000
40.745416 -74.008199 0.000000 4.000000
40.722934 -73.988639 0.000000 4.000000
40.764281 -73.998581 0.000000 4.000000
40.720939 -73.993795 2.000000 4.000000
40.850695 -73.927476 0.000000 4.000000
40.742285 -74.004417 0.000000 4.000000
40.847999 -73.934694 0.000000 4.000000
40.798833 -73.952017 0.000000 4.000000
40.724235 -73.997785 1.000000 4.000000
40.759983 -73.964802 0.000000 4.000000
40.784355 -73.981165 0.000000 4.000000
40.757232 -73.989792 0.000000 4.000000
40.865536 -73.927268 0.000000 4.000000
40.717280 -73.995429 0.000000 4.000000
40.761501 -73.997820 0.000000 4.000000
40.744099 -73.995644 0.000000 4.000000
40.824563 -73.948100 1.000000 4.000000
40.759626 -73.995474 0.000000 4.000000
40.794466 -73.939629 0.000000 4.000000
40.800031 -73.954855 0.000000 4.000000
40.819425 -73.955565 0.000000 4.000000
40.723506 -73.979281 1.000000 4.000000
40.701505 -74.012551 1.000000 4.000000
40.745422 -73.990967 0.000000 4.000000
40.754584 -73.999145 0.000000 4.000000
40.760223 -73.967462 0.000000 4.000000
40.800663 -73.944355 0.000000 4.000000
40.752936 -73.985487 0.000000 4.000000
40.749824 -73.972202 0.000000 4.000000
40.807772 -73.945483 0.000000 4.000000
40.848120 -73.930884 3.000000 4.000000
40.845948 -73.937811 0.000000 4.000000
40.862581 -73.925374 0.000000 4.000000
40.738044 -73.996337 0.000000 4.000000
40.866026 -73.925872 0.000000 4.000000
40.716607 -73.990148 0.000000 4.000000
40.737361 -73.996839 0.000000 4.000000
40.864525 -73.926619 0.000000 4.000000
40.812052 -73.953543 1.000000 4.000000
40.817511 -73.960689 0.000000 4.000000
40.720505 -73.996836 0.000000 4.000000
40.854309 -73.930082 0.000000 4.000000
40.848039 -73.932850 0.000000 4.000000
40.733978 -73.986678 0.000000 4.000000
40.718795 -73.989012 0.000000 4.000000
40.760116 -73.984836 0.000000 4.000000
40.757125 -73.971907 0.000000 4.000000
40.714928 -74.007940 0.000000 4.000000
40.739397 -74.002789 0.000000 4.000000
40.766145 -73.997235 0.000000 4.000000
40.782633 -73.951198 0.000000 4.000000
40.726186 -73.989429 1.000000 4.000000
40.751748 -73.970805 1.000000 4.000000
40.780858 -73.960909 1.000000 4.000000
40.815691 -73.958295 0.000000 4.000000
40.718795 -73.989012 0.000000 4.000000
40.721638 -74.011891 0.000000 4.000000
40.723914 -73.987972 0.000000 4.000000
40.790417 -73.951835 0.000000 4.000000
40.757180 -73.973982 0.000000 4.000000
40.769742 -73.982118 2.000000 4.000000
40.724273 -73.990818 0.000000 4.000000
40.748886 -73.975841 0.000000 4.000000
40.849321 -73.933731 0.000000 4.000000
40.716814 -73.997763 0.000000 4.000000
40.750318 -73.991111 0.000000 4.000000
40.793597 -73.947398 0.000000 4.000000
40.757639 -73.963410 0.000000 4.000000
40.754505 -73.965696 1.000000 4.000000
40.828986 -73.938962 0.000000 4.000000
40.747078 -73.981341 3.000000 4.000000
40.799915 -73.962375 0.000000 4.000000
40.742864 -74.003970 0.000000 4.000000
40.723626 -74.004788 0.000000 4.000000
40.797679 -73.937282 0.000000 4.000000
40.744629 -73.998971 0.000000 4.000000
40.750788 -74.005630 1.000000 4.000000
40.753928 -73.997603 0.000000 4.000000
40.839178 -73.941135 0.000000 4.000000
40.790314 -73.947686 0.000000 4.000000
40.760405 -73.987474 1.000000 4.000000
40.759912 -73.958810 0.000000 4.000000
40.742910 -73.992804 2.000000 4.000000
40.750307 -74.008366 0.000000 4.000000
40.758533 -73.988843 0.000000 4.000000
40.798593 -73.933518 0.000000 4.000000
40.724054 -74.004380 0.000000 4.000000
40.718795 -73.989012 0.000000 4.000000
40.733213 -73.991113 0.000000 4.000000
40.848518 -73.935929 0.000000 4.000000
40.734674 -73.994584 0.000000 4.000000
40.742864 -74.003970 0.000000 4.000000
40.805045 -73.936928 0.000000 4.000000
40.810175 -73.937408 1.000000 4.000000
40.764056 -73.992242 1.000000 4.000000
40.742375 -74.008791 1.000000 4.000000
40.747689 -74.004168 0.000000 4.000000
40.713135 -74.004058 4.000000 4.000000
40.724932 -73.990342 0.000000 4.000000
40.731707 -74.000956 0.000000 4.000000
40.729826 -74.010600 0.000000 4.000000
40.731322 -73.988613 2.000000 4.000000
40.750282 -73.981124 0.000000 4.000000
40.759104 -73.992142 1.000000 4.000000
40.797309 -73.934454 2.000000 4.000000
40.750904 -73.980673 1.000000 4.000000
40.749591 -74.002786 0.000000 4.000000
40.848239 -73.933349 0.000000 4.000000
40.742285 -74.004417 0.000000 4.000000
40.757828 -73.993070 3.000000 4.000000
40.737566 -74.009920 0.000000 4.000000
40.719972 -73.992897 0.000000 4.000000
40.718795 -73.989012 0.000000 4.000000
40.860242 -73.928420 0.000000 4.000000
40.743424 -73.999848 0.000000 4.000000
40.757021 -74.004927 0.000000 4.000000
40.760223 -73.967462 0.000000 4.000000
40.718556 -73.988200 0.000000 4.000000
40.763991 -73.958782 0.000000 4.000000
40.749540 -73.977436 0.000000 4.000000
40.709824 -74.014825 0.000000 4.000000
40.741623 -73.993735 0.000000 4.000000
40.759620 -73.961965 0.000000 4.000000
40.794466 -73.939629 0.000000 4.000000
40.744061 -74.006810 0.000000 4.000000
40.747689 -74.004168 0.000000 4.000000
40.761234 -73.963884 1.000000 4.000000
40.739405 -74.006449 0.000000 4.000000
40.728915 -74.008594 0.000000 4.000000
40.846911 -73.938233 0.000000 4.000000
40.803426 -73.933083 0.000000 4.000000
40.731351 -73.982555 1.000000 4.000000
40.820098 -73.955076 0.000000 4.000000
40.759790 -73.987926 0.000000 4.000000
40.771783 -73.965435 0.000000 4.000000
40.759790 -73.987926 1.000000 4.000000
40.718430 -74.000530 0.000000 4.000000
40.737361 -73.996839 3.000000 4.000000
40.707695 -74.010200 1.000000 4.000000
40.760457 -73.983731 0.000000 4.000000
40.721353 -74.004636 0.000000 4.000000
40.728067 -73.998954 1.000000 4.000000
40.754584 -73.999145 1.000000 4.000000
40.729432 -73.978027 0.000000 4.000000
40.757232 -73.989792 1.000000 4.000000
40.719204 -73.990364 0.000000 4.000000
40.705184 -74.007394 1.000000 4.000000
40.729551 -73.989901 1.000000 4.000000
40.747236 -73.993359 0.000000 4.000000
40.808447 -73.944995 0.000000 4.000000
40.704799 -74.016685 0.000000 4.000000
40.727095 -73.991554 0.000000 4.000000
40.723077 -73.976478 0.000000 4.000000
40.803426 -73.933083 0.000000 4.000000
40.721743 -74.005228 0.000000 4.000000
40.711593 -73.994265 0.000000 4.000000
40.753242 -73.966617 0.000000 4.000000
40.800664 -73.946461 0.000000 4.000000
40.747009 -73.977187 0.000000 4.000000
40.717549 -73.999311 0.000000 4.000000
40.864463 -73.918943 0.000000 4.000000
40.764323 -73.977196 0.000000 4.000000
40.722242 -73.986287 0.000000 4.000000
40.766876 -73.979076 0.000000 4.000000
40.772021 -73.956015 2.000000 4.000000
40.863572 -73.926012 0.000000 4.000000
40.757907 -73.989298 1.000000 4.000000
40.796003 -73.935409 1.000000 4.000000
40.737566 -74.009920 0.000000 4.000000
40.767889 -73.981512 0.000000 4.000000
40.759308 -73.965293 0.000000 4.000000
40.824012 -73.938760 0.000000 4.000000
40.711535 -74.010464 0.000000 4.000000
40.820468 -73.943637 2.000000 4.000000
40.788949 -73.940558 1.000000 4.000000
40.747629 -73.976736 0.000000 4.000000
40.811266 -73.957810 1.000000 4.000000
40.773601 -73.981572 0.000000 4.000000
40.753554 -73.985043 0.000000 4.000000
40.745293 -73.998488 0.000000 4.000000
40.763025 -73.978139 0.000000 4.000000
40.744061 -74.006810 0.000000 4.000000
40.727402 -73.988538 0.000000 4.000000
40.751441 -73.973959 0.000000 4.000000
40.862581 -73.925374 0.000000 4.000000
40.797239 -73.936257 0.000000 4.000000
40.764056 -73.964756 0.000000 4.000000
40.761148 -73.979515 0.000000 4.000000
40.747153 -73.985495 0.000000 4.000000
40.726779 -73.988985 0.000000 4.000000
40.748400 -73.999939 0.000000 4.000000
40.763545 -73.985192 0.000000 4.000000
40.804369 -73.935325 1.000000 4.000000
40.866026 -73.925872 0.000000 4.000000
40.730723 -73.989053 0.000000 4.000000
40.704799 -74.016685 0.000000 4.000000
40.730227 -74.006855 1.000000 4.000000
40.716199 -74.000137 0.000000 4.000000
40.769742 -73.982118 1.000000 4.000000
40.805743 -73.942754 0.000000 4.000000
40.720321 -73.994040 0.000000 4.000000
40.756527 -73.994019 1.000000 4.000000
40.775640 -73.960511 0.000000 4.000000
40.753242 -73.966617 2.000000 4.000000
40.871195 -73.914090 0.000000 4.000000
40.752064 -73.973504 0.000000 4.000000
40.861310 -73.921232 0.000000 4.000000
40.733921 -73.992794 0.000000 4.000000
40.764904 -73.998137 0.000000 4.000000
40.755242 -73.973276 0.000000 4.000000
40.725432 -73.996771 0.000000 4.000000
40.820006 -73.958874 0.000000 4.000000
40.742706 -73.984526 0.000000 4.000000
40.738137 -74.003876 1.000000 4.000000
40.716204 -73.991905 0.000000 4.000000
40.777554 -73.948880 1.000000 4.000000
40.732348 -73.984939 1.000000 4.000000
40.757828 -73.993070 1.000000 4.000000
40.724694 -73.994181 0.000000 4.000000
40.719204 -73.990364 0.000000 4.000000
40.762852 -73.967728 0.000000 4.000000
40.845520 -73.934685 1.000000 4.000000
40.745814 -74.005533 0.000000 4.000000
40.743263 -73.982010 2.000000 4.000000
40.727290 -73.993639 0.000000 4.000000
40.709660 -74.004826 0.000000 4.000000
40.743324 -73.984074 1.000000 4.000000
40.794651 -73.971783 1.000000 4.000000
40.720557 -74.003510 3.000000 4.000000
40.708732 -74.013263 0.000000 4.000000
40.741549 -73.989575 0.000000 4.000000
40.853583 -73.932226 0.000000 4.000000
40.859544 -73.927976 0.000000 4.000000
40.723175 -73.989393 0.000000 4.000000
40.760116 -73.984836 0.000000 4.000000
40.760223 -73.967462 0.000000 4.000000
40.719133 -73.976356 2.000000 4.000000
40.735370 -73.989969 0.000000 4.000000
40.861141 -73.918929 1.000000 4.000000
40.761610 -73.970750 0.000000 4.000000
40.761857 -73.963426 0.000000 4.000000
40.752379 -73.970343 1.000000 4.000000
40.752190 -73.993464 0.000000 4.000000
40.750991 -73.990623 0.000000 4.000000
40.755330 -73.991179 0.000000 4.000000
40.733054 -74.006408 0.000000 4.000000
40.788312 -73.976502 0.000000 4.000000
40.758429 -73.992633 1.000000 4.000000
40.757828 -73.993070 0.000000 4.000000
40.735390 -73.975110 0.000000 4.000000
40.733212 -73.981057 0.000000 4.000000
40.763545 -73.985192 0.000000 4.000000
40.813390 -73.956259 1.000000 4.000000
40.741028 -73.994161 0.000000 4.000000
40.745727 -73.978123 3.000000 4.000000
40.808958 -73.940403 0.000000 4.000000
40.867027 -73.917042 0.000000 4.000000
40.762750 -73.996914 0.000000 4.000000
40.827153 -73.946201 0.000000 4.000000
40.818736 -73.961082 1.000000 4.000000
40.796216 -73.949697 1.000000 4.000000
40.799985 -73.944847 0.000000 4.000000
40.819770 -73.936719 0.000000 4.000000
40.813390 -73.956259 0.000000 4.000000
40.761857 -73.963426 0.000000 4.000000
40.750775 -73.976537 0.000000 4.000000
40.760223 -73.967462 0.000000 4.000000
40.773689 -73.961939 0.000000 4.000000
40.743324 -73.984074 1.000000 4.000000
40.716542 -73.996984 0.000000 4.000000
40.746660 -73.990068 1.000000 4.000000
