40.851435 -73.935084 0.000000 2.000000
40.760153 -73.998794 0.000000 2.000000
40.744801 -73.991418 0.000000 2.000000
40.726397 -73.986164 1.000000 2.000000
40.711230 -73.984785 0.000000 2.000000
40.817899 -73.938090 0.000000 2.000000
40.830242 -73.949689 0.000000 2.000000
40.760928 -73.969133 1.000000 2.000000
40.813390 -73.956259 0.000000 2.000000
40.719972 -73.992897 0.000000 2.000000
40.745182 -73.970927 0.000000 2.000000
40.783297 -73.978204 0.000000 2.000000
40.801172 -73.961457 0.000000 2.000000
40.770434 -73.960110 0.000000 2.000000
40.722300 -73.997121 3.000000 2.000000
40.864465 -73.918976 2.000000 2.000000
40.736965 -74.006892 0.000000 2.000000
40.746302 -73.971659 0.000000 2.000000
40.742854 -73.977207 0.000000 2.000000
40.765148 -73.991437 0.000000 2.000000
40.724655 -73.992427 0.000000 2.000000
40.825332 -73.943814 1.000000 2.000000
40.731300 -74.010460 0.000000 2.000000
40.868220 -73.918241 0.000000 2.000000
40.741645 -74.004861 0.000000 2.000000
40.733979 -73.990943 0.000000 2.000000
40.762290 -73.986106 0.000000 2.000000
40.716901 -73.986202 0.000000 2.000000
40.765520 -73.980037 0.000000 2.000000
40.763545 -73.985192 0.000000 2.000000
40.742235 -73.993291 0.000000 2.000000
40.723022 -73.998813 0.000000 2.000000
40.807772 -73.945483 1.000000 2.000000
40.739751 -74.002522 0.000000 2.000000
40.759308 -73.965293 0.000000 2.000000
40.742285 -74.004417 0.000000 2.000000
40.760601 -73.964314 0.000000 2.000000
40.749102 -73.992006 0.000000 2.000000
40.749023 -73.988039 0.000000 2.000000
40.715237 -74.013379 0.000000 2.000000
40.719325 -73.997302 0.000000 2.000000
40.728794 -74.000437 0.000000 2.000000
40.758429 -73.992633 0.000000 2.000000
40.756527 -73.994019 0.000000 2.000000
40.724495 -73.981636 0.000000 2.000000
40.746660 -73.990068 0.000000 2.000000
40.776604 -73.946628 1.000000 2.000000
40.760223 -73.967462 0.000000 2.000000
40.720840 -74.000660 1.000000 2.000000
40.720321 -73.994040 0.000000 2.000000
40.727846 -73.982227 0.000000 2.000000
40.730442 -73.980339 0.000000 2.000000
40.805736 -73.940645 0.000000 2.000000
40.760794 -73.984511 0.000000 2.000000
40.723022 -73.998813 0.000000 2.000000
40.846153 -73.932324 0.000000 2.000000
40.749540 -73.977436 0.000000 2.000000
40.720629 -74.005209 0.000000 2.000000
40.757232 -73.989792 0.000000 2.000000
40.760301 -73.994983 0.000000 2.000000
40.756568 -73.990276 0.000000 2.000000
40.742831 -74.007698 0.000000 2.000000
40.756452 -73.970315 0.000000 2.000000
40.756452 -73.970315 0.000000 2.000000
40.760535 -73.958351 1.000000 2.000000
40.750775 -73.976537 0.000000 2.000000
40.750991 -73.990623 1.000000 2.000000
40.774809 -73.984414 0.000000 2.000000
40.860637 -73.919660 0.000000 2.000000
40.725646 -73.993758 0.000000 2.000000
40.741055 -73.997860 0.000000 2.000000
40.762488 -73.962974 0.000000 2.000000
40.741055 -73.997860 0.000000 2.000000
40.746580 -73.997553 0.000000 2.000000
40.755807 -73.986403 1.000000 2.000000
40.761551 -73.966584 0.000000 2.000000
40.755950 -73.990727 0.000000 2.000000
40.805154 -73.951113 0.000000 2.000000
40.721235 -73.987770 0.000000 2.000000
40.745727 -73.978123 0.000000 2.000000
40.742910 -73.992804 0.000000 2.000000
40.759842 -73.984175 0.000000 2.000000
40.747236 -73.993359 0.000000 2.000000
40.710396 -74.005598 0.000000 2.000000
40.804376 -73.937420 1.000000 2.000000
40.727095 -73.991554 0.000000 2.000000
40.749824 -73.972202 1.000000 2.000000
40.707772 -74.012963 0.000000 2.000000
40.719204 -73.990364 0.000000 2.000000
40.718556 -73.988200 0.000000 2.000000
40.720044 -73.999062 1.000000 2.000000
40.760601 -73.964314 0.000000 2.000000
40.722470 -73.987135 0.000000 2.000000
40.721249 -73.992236 0.000000 2.000000
40.724863 -73.984403 1.000000 2.000000
40.750318 -73.991111 0.000000 2.000000
40.778607 -73.981622 0.000000 2.000000
40.725772 -74.000898 0.000000 2.000000
40.823887 -73.952306 0.000000 2.000000
40.758429 -73.992633 0.000000 2.000000
40.832766 -73.945824 0.000000 2.000000
40.851096 -73.932435 0.000000 2.000000
40.726392 -73.991796 0.000000 2.000000
40.849321 -73.933731 0.000000 2.000000
40.777973 -73.982156 0.000000 2.000000
40.757232 -73.989792 0.000000 2.000000
40.732642 -74.008634 0.000000 2.000000
40.746619 -73.993814 0.000000 2.000000
40.729551 -73.989901 0.000000 2.000000
40.720044 -73.999062 1.000000 2.000000
40.798622 -73.941619 1.000000 2.000000
40.796073 -73.943485 0.000000 2.000000
40.832686 -73.939677 0.000000 2.000000
40.741643 -73.978167 0.000000 2.000000
40.764412 -73.983355 0.000000 2.000000
40.851637 -73.941865 0.000000 2.000000
40.761234 -73.963884 0.000000 2.000000
40.862125 -73.925096 0.000000 2.000000
40.829592 -73.950058 0.000000 2.000000
40.749053 -73.995749 0.000000 2.000000
40.782161 -73.957864 0.000000 2.000000
40.757482 -73.988309 0.000000 2.000000
40.863690 -73.917064 0.000000 2.000000
40.790349 -73.951897 1.000000 2.000000
40.785353 -73.978868 0.000000 2.000000
40.752295 -73.993402 0.000000 2.000000
40.779762 -73.944358 0.000000 2.000000
40.751789 -73.986321 0.000000 2.000000
40.750017 -73.991345 0.000000 2.000000
40.762127 -73.997387 0.000000 2.000000
40.750318 -73.991111 0.000000 2.000000
40.752255 -73.983852 0.000000 2.000000
40.794828 -73.976232 0.000000 2.000000
40.719972 -73.992897 2.000000 2.000000
40.724235 -73.997785 0.000000 2.000000
40.762968 -73.981893 0.000000 2.000000
40.761234 -73.963884 0.000000 2.000000
40.744061 -74.006810 0.000000 2.000000
40.872316 -73.912736 0.000000 2.000000
40.816484 -73.940519 0.000000 2.000000
40.757735 -73.965619 0.000000 2.000000
40.727156 -74.005545 0.000000 2.000000
40.811601 -73.934892 0.000000 2.000000
40.761234 -73.963884 0.000000 2.000000
40.758429 -73.992633 0.000000 2.000000
40.759912 -73.958810 1.000000 2.000000
40.766616 -73.986661 0.000000 2.000000
40.750307 -74.008366 0.000000 2.000000
40.765253 -73.995087 0.000000 2.000000
40.706015 -74.012126 0.000000 2.000000
40.815120 -73.958703 0.000000 2.000000
40.724169 -74.010224 1.000000 2.000000
40.737229 -74.000646 0.000000 2.000000
40.769439 -73.951858 0.000000 2.000000
40.784975 -73.982638 0.000000 2.000000
40.830222 -73.947684 1.000000 2.000000
40.761551 -73.966584 0.000000 2.000000
40.740262 -74.005864 0.000000 2.000000
40.758645 -73.981342 0.000000 2.000000
40.703589 -74.013114 0.000000 2.000000
40.732928 -74.000065 0.000000 2.000000
40.849128 -73.936872 0.000000 2.000000
40.767766 -73.961881 0.000000 2.000000
40.805639 -73.934392 0.000000 2.000000
40.761558 -73.974681 0.000000 2.000000
40.723681 -74.003637 0.000000 2.000000
40.718834 -74.001111 0.000000 2.000000
40.750902 -73.984480 0.000000 2.000000
40.705002 -74.012631 0.000000 2.000000
40.810857 -73.939018 0.000000 2.000000
40.742831 -74.007698 0.000000 2.000000
40.761551 -73.966584 0.000000 2.000000
40.725673 -74.005780 0.000000 2.000000
40.805258 -73.957387 0.000000 2.000000
40.771464 -73.994346 0.000000 2.000000
40.718509 -73.985375 0.000000 2.000000
40.754841 -73.984118 1.000000 2.000000
40.722121 -74.009770 0.000000 2.000000
40.727095 -73.991554 0.000000 2.000000
40.762396 -73.978601 0.000000 2.000000
40.727594 -73.985294 0.000000 2.000000
40.748830 -73.982171 0.000000 2.000000
40.713843 -73.992724 1.000000 2.000000
40.765676 -73.976235 0.000000 2.000000
40.864463 -73.918943 0.000000 2.000000
40.725503 -73.993199 0.000000 2.000000
40.806983 -73.953500 0.000000 2.000000
40.863690 -73.917064 0.000000 2.000000
40.728424 -73.999679 0.000000 2.000000
40.739411 -74.005391 0.000000 2.000000
40.838497 -73.939828 0.000000 2.000000
40.738831 -73.983148 0.000000 2.000000
40.865536 -73.927268 1.000000 2.000000
40.742706 -73.984526 0.000000 2.000000
40.761391 -74.001736 0.000000 2.000000
40.815530 -73.942178 1.000000 2.000000
40.766045 -73.983365 0.000000 2.000000
40.728605 -74.005315 0.000000 2.000000
40.750209 -74.002331 0.000000 2.000000
40.758329 -73.968936 0.000000 2.000000
40.753482 -73.980889 0.000000 2.000000
40.762396 -73.978601 0.000000 2.000000
40.720510 -74.010123 0.000000 2.000000
40.760990 -73.973309 0.000000 2.000000
40.753994 -73.974189 1.000000 2.000000
40.738757 -74.008105 0.000000 2.000000
40.760223 -73.967462 0.000000 2.000000
40.738552 -73.999682 0.000000 2.000000
40.739751 -74.002522 0.000000 2.000000
40.722355 -73.993261 0.000000 2.000000
40.752064 -73.973504 0.000000 2.000000
40.724863 -73.984403 1.000000 2.000000
40.867015 -73.923109 2.000000 2.000000
40.724273 -73.990818 0.000000 2.000000
40.796739 -73.960979 0.000000 2.000000
40.722242 -73.986287 0.000000 2.000000
40.760223 -73.967462 0.000000 2.000000
40.731127 -74.004225 1.000000 2.000000
40.823315 -73.949008 0.000000 2.000000
40.753242 -73.966617 0.000000 2.000000
40.752999 -73.969887 0.000000 2.000000
40.725583 -73.989869 0.000000 2.000000
40.760405 -73.987474 0.000000 2.000000
40.750766 -73.974443 0.000000 2.000000
40.768119 -73.958862 0.000000 2.000000
40.723650 -73.991024 0.000000 2.000000
40.732348 -73.984939 0.000000 2.000000
40.726527 -73.995844 0.000000 2.000000
40.846140 -73.934233 0.000000 2.000000
40.754317 -73.986865 1.000000 2.000000
40.747153 -73.985495 0.000000 2.000000
40.718963 -74.001273 0.000000 2.000000
40.725083 -73.995328 0.000000 2.000000
40.766667 -73.967065 4.000000 2.000000
40.757232 -73.989792 1.000000 2.000000
40.809491 -73.951663 1.000000 2.000000
40.729551 -73.989901 0.000000 2.000000
40.756133 -73.967605 0.000000 2.000000
40.719025 -73.989769 0.000000 2.000000
40.761771 -73.979056 0.000000 2.000000
40.826428 -73.950451 0.000000 2.000000
40.851109 -73.930602 0.000000 2.000000
40.722663 -73.997980 0.000000 2.000000
40.723175 -73.989393 0.000000 2.000000
40.741275 -73.975342 0.000000 2.000000
40.745682 -73.972125 0.000000 2.000000
40.706013 -74.008811 0.000000 2.000000
40.728067 -73.998954 0.000000 2.000000
40.724267 -73.984837 0.000000 2.000000
40.737222 -73.981391 0.000000 2.000000
40.730669 -73.998842 0.000000 2.000000
40.804795 -73.954180 1.000000 2.000000
40.733292 -73.987180 0.000000 2.000000
40.833488 -73.941577 0.000000 2.000000
40.821263 -73.946079 0.000000 2.000000
40.756452 -73.970315 0.000000 2.000000
40.763114 -73.962515 1.000000 2.000000
40.826428 -73.950451 0.000000 2.000000
40.743424 -73.999848 0.000000 2.000000
40.742854 -73.977207 0.000000 2.000000
40.834731 -73.940666 0.000000 2.000000
40.757232 -73.989792 1.000000 2.000000
40.740816 -73.991848 0.000000 2.000000
40.718018 -73.999957 0.000000 2.000000
40.765413 -73.967976 1.000000 2.000000
40.758999 -73.970534 0.000000 2.000000
40.741623 -73.993735 0.000000 2.000000
40.766852 -73.953748 1.000000 2.000000
40.850907 -73.938284 0.000000 2.000000
40.867583 -73.918415 0.000000 2.000000
40.727290 -73.993639 0.000000 2.000000
40.735305 -74.004933 0.000000 2.000000
40.763485 -73.988946 0.000000 2.000000
40.787226 -73.954163 0.000000 2.000000
40.721062 -73.998196 0.000000 2.000000
40.753832 -74.007139 0.000000 2.000000
40.762750 -73.996914 0.000000 2.000000
40.759527 -73.999242 0.000000 2.000000
40.722401 -73.991648 0.000000 2.000000
40.722934 -73.988639 1.000000 2.000000
40.716542 -73.996984 0.000000 2.000000
40.750453 -73.987292 0.000000 2.000000
40.739751 -74.002522 0.000000 2.000000
40.736005 -73.993617 0.000000 2.000000
40.720982 -73.986951 0.000000 2.000000
40.782392 -73.982592 0.000000 2.000000
40.718776 -73.995700 0.000000 2.000000
40.732222 -74.003554 0.000000 2.000000
40.824653 -73.946221 0.000000 2.000000
40.733633 -74.002786 0.000000 2.000000
40.720840 -74.000660 5.000000 2.000000
40.759308 -73.965293 0.000000 2.000000
40.762707 -73.983214 1.000000 2.000000
40.761486 -73.960599 1.000000 2.000000
40.763658 -73.973464 0.000000 2.000000
40.750991 -73.990623 0.000000 2.000000
40.750318 -73.991111 0.000000 2.000000
40.738552 -73.999682 0.000000 2.000000
40.790906 -73.939130 0.000000 2.000000
40.721633 -73.993528 0.000000 2.000000
40.785294 -73.969335 0.000000 2.000000
40.753554 -73.985043 0.000000 2.000000
40.828310 -73.943143 0.000000 2.000000
40.860647 -73.927328 0.000000 2.000000
40.739411 -74.005391 1.000000 2.000000
40.731020 -73.985910 0.000000 2.000000
40.743263 -73.982010 0.000000 2.000000
40.705184 -74.007394 1.000000 2.000000
40.764056 -73.992242 0.000000 2.000000
40.760993 -73.990759 0.000000 2.000000
40.722934 -73.988639 0.000000 2.000000
40.750960 -73.982723 1.000000 2.000000
40.781266 -73.975981 0.000000 2.000000
40.740262 -74.005864 0.000000 2.000000
40.813390 -73.956259 0.000000 2.000000
40.735135 -74.006069 0.000000 2.000000
40.788949 -73.940558 1.000000 2.000000
40.740395 -73.979077 0.000000 2.000000
40.758976 -73.964503 0.000000 2.000000
40.751081 -73.986852 0.000000 2.000000
40.761486 -73.960599 0.000000 2.000000
40.756133 -73.967605 0.000000 2.000000
40.753516 -73.988786 0.000000 2.000000
40.847429 -73.931394 0.000000 2.000000
40.710464 -73.986622 0.000000 2.000000
40.729726 -73.980859 0.000000 2.000000
40.750282 -73.981124 1.000000 2.000000
40.740184 -73.986363 0.000000 2.000000
40.769064 -73.961111 0.000000 2.000000
40.749824 -73.972202 1.000000 2.000000
40.830845 -73.947224 0.000000 2.000000
40.776196 -73.949871 1.000000 2.000000
40.727594 -73.985294 0.000000 2.000000
40.824510 -73.951851 2.000000 2.000000
40.711906 -74.006035 0.000000 2.000000
40.742646 -73.982454 1.000000 2.000000
40.839174 -73.943466 0.000000 2.000000
40.741645 -74.004861 0.000000 2.000000
40.746078 -73.974936 1.000000 2.000000
40.747765 -73.982958 1.000000 2.000000
40.734434 -73.989904 0.000000 2.000000
40.768486 -73.955501 0.000000 2.000000
40.739751 -74.002522 0.000000 2.000000
40.738831 -73.983148 0.000000 2.000000
40.737361 -73.996839 0.000000 2.000000
40.787226 -73.954163 0.000000 2.000000
40.810755 -73.964425 1.000000 2.000000
40.740942 -74.007481 0.000000 2.000000
40.738552 -73.999682 0.000000 2.000000
40.722550 -74.006299 0.000000 2.000000
40.739168 -73.979969 0.000000 2.000000
40.762236 -73.989864 0.000000 2.000000
40.791570 -73.944677 0.000000 2.000000
40.754619 -73.973734 3.000000 2.000000
40.762106 -73.960137 0.000000 2.000000
40.760229 -73.961521 0.000000 2.000000
40.745860 -73.984344 1.000000 2.000000
40.727846 -73.982227 0.000000 2.000000
40.762916 -73.985647 0.000000 2.000000
40.752120 -73.977677 0.000000 2.000000
40.718430 -74.000530 0.000000 2.000000
40.748215 -73.968540 0.000000 2.000000
40.721473 -73.983824 0.000000 2.000000
40.759680 -73.972155 0.000000 2.000000
40.750960 -73.982723 0.000000 2.000000
40.740471 -73.998286 0.000000 2.000000
40.755330 -73.991179 0.000000 2.000000
40.757232 -73.989792 0.000000 2.000000
40.726397 -73.986164 0.000000 2.000000
40.832766 -73.945824 0.000000 2.000000
40.850774 -73.935425 1.000000 2.000000
40.816501 -73.946545 1.000000 2.000000
40.731322 -73.988613 0.000000 2.000000
40.760601 -73.964314 0.000000 2.000000
40.751441 -73.973959 0.000000 2.000000
40.864113 -73.921250 1.000000 2.000000
40.797004 -73.937774 0.000000 2.000000
40.807170 -73.937504 0.000000 2.000000
40.733292 -73.987180 1.000000 2.000000
40.731410 -73.996973 0.000000 2.000000
40.805726 -73.954414 1.000000 2.000000
40.838497 -73.939828 0.000000 2.000000
40.726666 -73.983090 1.000000 2.000000
40.710094 -73.989789 1.000000 2.000000
40.729494 -74.006974 0.000000 2.000000
40.756710 -73.986457 0.000000 2.000000
40.741350 -73.981311 0.000000 2.000000
40.740184 -73.986363 1.000000 2.000000
40.787223 -73.952058 0.000000 2.000000
40.746039 -73.990516 0.000000 2.000000
40.736791 -73.978497 0.000000 2.000000
40.752120 -73.977677 0.000000 2.000000
40.720709 -73.981309 4.000000 2.000000
40.735790 -73.985361 0.000000 2.000000
40.734434 -73.989904 0.000000 2.000000
40.721353 -74.004636 0.000000 2.000000
40.733780 -73.980645 0.000000 2.000000
40.779585 -73.961838 0.000000 2.000000
40.759406 -73.985103 0.000000 2.000000
40.755871 -73.972821 1.000000 2.000000
40.864463 -73.918943 1.000000 2.000000
40.765520 -73.980037 0.000000 2.000000
40.730122 -73.989468 0.000000 2.000000
40.750766 -73.974443 0.000000 2.000000
40.719396 -74.001883 0.000000 2.000000
40.732914 -74.003976 0.000000 2.000000
40.744801 -73.991418 1.000000 2.000000
40.787686 -73.975014 1.000000 2.000000
40.719832 -73.987543 0.000000 2.000000
40.739751 -74.002522 1.000000 2.000000
40.735069 -74.001970 0.000000 2.000000
40.729726 -73.980859 0.000000 2.000000
40.720235 -73.984477 0.000000 2.000000
40.762226 -73.968187 0.000000 2.000000
40.805057 -73.939034 0.000000 2.000000
40.731042 -73.999603 0.000000 2.000000
40.731351 -73.982555 0.000000 2.000000
40.727666 -74.003171 0.000000 2.000000
40.831694 -73.949254 0.000000 2.000000
40.721249 -73.992236 0.000000 2.000000
40.741623 -73.993735 0.000000 2.000000
40.755950 -73.990727 0.000000 2.000000
40.744061 -74.006810 0.000000 2.000000
40.745422 -73.990967 0.000000 2.000000
40.713646 -74.003604 0.000000 2.000000
40.724136 -73.992604 0.000000 2.000000
40.743944 -73.983627 0.000000 2.000000
40.818802 -73.956020 0.000000 2.000000
40.752801 -73.979286 0.000000 2.000000
40.734574 -74.010157 1.000000 2.000000
40.867015 -73.923109 1.000000 2.000000
40.746682 -73.974495 0.000000 2.000000
40.760159 -74.002639 3.000000 2.000000
40.740873 -73.987983 0.000000 2.000000
40.763114 -73.962515 0.000000 2.000000
40.739751 -74.002522 0.000000 2.000000
40.753387 -73.996304 0.000000 2.000000
40.763589 -73.971410 0.000000 2.000000
40.841052 -73.944679 0.000000 2.000000
40.865536 -73.927268 0.000000 2.000000
40.746660 -73.990068 0.000000 2.000000
40.753832 -74.007139 0.000000 2.000000
40.738552 -73.999682 0.000000 2.000000
40.761148 -73.979515 0.000000 2.000000
40.762963 -73.971868 0.000000 2.000000
40.741667 -74.001130 1.000000 2.000000
40.754688 -73.995355 1.000000 2.000000
40.741970 -73.980859 0.000000 2.000000
40.848393 -73.937672 0.000000 2.000000
40.808973 -73.948325 0.000000 2.000000
40.740471 -73.998286 0.000000 2.000000
40.864494 -73.920245 1.000000 2.000000
40.759104 -73.992142 0.000000 2.000000
40.750242 -73.998596 0.000000 2.000000
40.745422 -73.990967 1.000000 2.000000
40.749706 -73.991562 0.000000 2.000000
40.755330 -73.991179 0.000000 2.000000
40.764627 -73.995545 0.000000 2.000000
40.755033 -73.986638 0.000000 2.000000
40.801291 -73.943896 0.000000 2.000000
40.788479 -73.951133 0.000000 2.000000
40.715905 -73.998312 0.000000 2.000000
40.736531 -73.990752 0.000000 2.000000
40.721463 -73.988524 0.000000 2.000000
40.761551 -73.966584 0.000000 2.000000
40.719972 -73.992897 0.000000 2.000000
40.722934 -73.988639 1.000000 2.000000
40.738831 -73.983148 0.000000 2.000000
40.761036 -73.987016 0.000000 2.000000
40.818802 -73.956020 0.000000 2.000000
40.753482 -73.980889 0.000000 2.000000
40.739177 -73.989766 0.000000 2.000000
40.757907 -73.989298 1.000000 2.000000
40.772655 -73.955552 0.000000 2.000000
40.848089 -73.934618 0.000000 2.000000
40.753482 -73.980889 1.000000 2.000000
40.709498 -74.013890 1.000000 2.000000
40.748800 -73.969846 0.000000 2.000000
40.757701 -73.969394 0.000000 2.000000
40.756557 -73.974437 0.000000 2.000000
40.796643 -73.968477 0.000000 2.000000
40.742854 -73.977207 0.000000 2.000000
40.730442 -73.980339 0.000000 2.000000
40.740471 -73.998286 0.000000 2.000000
40.719025 -73.989769 0.000000 2.000000
40.741642 -73.997434 1.000000 2.000000
40.723650 -73.985284 0.000000 2.000000
40.750318 -73.991111 0.000000 2.000000
40.819673 -73.944231 0.000000 2.000000
40.752281 -73.989692 0.000000 2.000000
40.730380 -73.986376 0.000000 2.000000
40.728413 -73.994253 1.000000 2.000000
40.752023 -74.004721 0.000000 2.000000
40.750766 -73.974443 0.000000 2.000000
40.851109 -73.930602 1.000000 2.000000
40.720709 -73.981309 2.000000 2.000000
40.759200 -73.984619 0.000000 2.000000
40.770423 -73.962211 1.000000 2.000000
40.752064 -73.973504 0.000000 2.000000
40.728794 -74.000437 0.000000 2.000000
40.744009 -73.999423 0.000000 2.000000
40.799714 -73.940162 0.000000 2.000000
40.762582 -74.000386 0.000000 2.000000
40.747854 -73.992908 0.000000 2.000000
40.721921 -73.990039 1.000000 2.000000
40.711738 -74.006987 0.000000 2.000000
40.741970 -73.980859 0.000000 2.000000
40.818394 -73.950879 1.000000 2.000000
40.817511 -73.960689 0.000000 2.000000
40.777554 -73.948880 0.000000 2.000000
40.727288 -74.000631 0.000000 2.000000
40.731351 -73.982555 0.000000 2.000000
40.724863 -73.984403 0.000000 2.000000
40.753387 -73.996304 1.000000 2.000000
40.799328 -73.960985 0.000000 2.000000
40.778730 -73.977830 0.000000 2.000000
40.762913 -73.969800 1.000000 2.000000
40.759912 -73.958810 0.000000 2.000000
40.735370 -73.989969 1.000000 2.000000
40.738552 -73.999682 0.000000 2.000000
40.756035 -73.986948 1.000000 2.000000
40.816501 -73.946545 0.000000 2.000000
40.715856 -73.994953 0.000000 2.000000
40.769005 -73.992350 0.000000 2.000000
40.760116 -73.984836 0.000000 2.000000
40.803959 -73.948271 0.000000 2.000000
40.727877 -74.005426 0.000000 2.000000
40.757701 -73.969394 0.000000 2.000000
40.802751 -73.933575 0.000000 2.000000
40.730447 -74.004305 0.000000 2.000000
40.849841 -73.934967 5.000000 2.000000
40.769750 -73.960602 0.000000 2.000000
40.741642 -73.997434 0.000000 2.000000
40.754707 -73.991633 0.000000 2.000000
40.776106 -73.979745 0.000000 2.000000
40.848039 -73.932850 0.000000 2.000000
40.767184 -73.962469 0.000000 2.000000
40.771024 -73.953647 1.000000 2.000000
40.832766 -73.945824 0.000000 2.000000
40.763547 -73.969338 0.000000 2.000000
40.738552 -73.999682 0.000000 2.000000
40.737956 -73.998235 0.000000 2.000000
40.752064 -73.973504 0.000000 2.000000
40.744780 -73.975882 0.000000 2.000000
40.742910 -73.992804 1.000000 2.000000
40.734533 -73.992267 0.000000 2.000000
40.865797 -73.919997 0.000000 2.000000
40.728034 -74.002150 0.000000 2.000000
40.736562 -74.001093 0.000000 2.000000
40.739751 -74.002522 0.000000 2.000000
40.752855 -73.992980 0.000000 2.000000
40.720939 -73.993795 0.000000 2.000000
40.749725 -73.983622 3.000000 2.000000
40.768891 -73.982094 1.000000 2.000000
40.854203 -73.931774 0.000000 2.000000
40.721172 -73.996576 1.000000 2.000000
40.761486 -73.960599 0.000000 2.000000
40.729776 -73.986809 0.000000 2.000000
40.719972 -73.992897 0.000000 2.000000
40.778806 -73.947966 0.000000 2.000000
40.752936 -73.985487 1.000000 2.000000
40.704799 -74.016685 0.000000 2.000000
40.761668 -73.974916 0.000000 2.000000
40.717381 -73.991303 0.000000 2.000000
40.770742 -73.994548 3.000000 2.000000
40.722470 -73.987135 0.000000 2.000000
40.735069 -74.001970 0.000000 2.000000
40.747153 -73.985495 0.000000 2.000000
40.717724 -73.985765 0.000000 2.000000
40.763114 -73.962515 0.000000 2.000000
40.717724 -73.985765 0.000000 2.000000
40.717724 -73.985765 0.000000 2.000000
40.760906 -73.966996 0.000000 2.000000
40.815691 -73.958295 0.000000 2.000000
40.825758 -73.950939 1.000000 2.000000
40.801418 -73.934454 1.000000 2.000000
40.763645 -73.977687 0.000000 2.000000
40.762342 -73.982352 1.000000 2.000000
40.722401 -73.991648 0.000000 2.000000
40.846153 -73.932324 0.000000 2.000000
40.757828 -73.993070 0.000000 2.000000
40.722324 -74.011747 0.000000 2.000000
40.768486 -73.955501 0.000000 2.000000
40.720626 -73.994971 0.000000 2.000000
40.752379 -73.970343 0.000000 2.000000
40.760776 -74.002184 0.000000 2.000000
40.760601 -73.964314 0.000000 2.000000
40.744760 -73.995153 0.000000 2.000000
40.736035 -73.997806 0.000000 2.000000
40.721449 -73.997399 0.000000 2.000000
40.725583 -73.989869 1.000000 2.000000
40.764323 -73.977196 2.000000 2.000000
40.738831 -73.983148 0.000000 2.000000
40.744443 -73.979058 0.000000 2.000000
40.846803 -73.931850 0.000000 2.000000
40.721633 -73.993528 0.000000 2.000000
40.757907 -73.989298 0.000000 2.000000
40.720321 -73.994040 0.000000 2.000000
40.750904 -73.980673 0.000000 2.000000
40.780065 -73.947048 0.000000 2.000000
40.719972 -73.992897 0.000000 2.000000
40.864809 -73.919362 0.000000 2.000000
40.754783 -73.979935 2.000000 2.000000
40.819984 -73.945798 0.000000 2.000000
40.859012 -73.927626 0.000000 2.000000
40.716199 -74.000137 0.000000 2.000000
40.730430 -74.000123 1.000000 2.000000
40.761610 -73.970750 1.000000 2.000000
40.850506 -73.932862 3.000000 2.000000
40.744061 -74.006810 0.000000 2.000000
40.765253 -73.995087 0.000000 2.000000
40.759308 -73.965293 0.000000 2.000000
40.724932 -73.990342 0.000000 2.000000
40.759164 -73.988391 0.000000 2.000000
40.730323 -74.002468 0.000000 2.000000
40.771065 -73.959644 0.000000 2.000000
40.740471 -73.998286 0.000000 2.000000
40.740443 -74.002021 0.000000 2.000000
40.728746 -73.978536 1.000000 2.000000
40.733978 -73.986678 1.000000 2.000000
40.733965 -73.988778 1.000000 2.000000
40.758533 -73.988843 0.000000 2.000000
40.755207 -73.996654 0.000000 2.000000
40.756607 -73.976502 0.000000 2.000000
40.753475 -73.992529 0.000000 2.000000
40.751577 -73.982275 0.000000 2.000000
40.764281 -73.998581 0.000000 2.000000
40.846106 -73.936080 0.000000 2.000000
40.734440 -74.006181 0.000000 2.000000
40.723681 -74.003637 0.000000 2.000000
40.714069 -73.997504 0.000000 2.000000
40.728413 -73.994253 0.000000 2.000000
40.760776 -74.002184 0.000000 2.000000
40.722470 -73.987135 0.000000 2.000000
40.756497 -73.972362 0.000000 2.000000
40.752936 -73.985487 0.000000 2.000000
40.761610 -73.970750 0.000000 2.000000
40.761234 -73.963884 0.000000 2.000000
40.735722 -74.006798 0.000000 2.000000
40.739751 -74.002522 1.000000 2.000000
40.846192 -73.938451 0.000000 2.000000
40.844687 -73.940794 0.000000 2.000000
40.755950 -73.990727 0.000000 2.000000
40.731707 -74.000956 0.000000 2.000000
40.734434 -73.989904 0.000000 2.000000
40.756489 -73.997759 0.000000 2.000000
40.764281 -73.998581 0.000000 2.000000
40.718795 -73.989012 0.000000 2.000000
40.780312 -73.985680 1.000000 2.000000
40.758429 -73.992633 0.000000 2.000000
40.751658 -73.990132 0.000000 2.000000
40.732348 -73.984939 0.000000 2.000000
40.782942 -73.948038 1.000000 2.000000
40.740023 -74.005290 0.000000 2.000000
40.782633 -73.951198 0.000000 2.000000
40.722300 -73.997121 0.000000 2.000000
40.763655 -73.999047 1.000000 2.000000
40.807654 -73.939249 2.000000 2.000000
40.757106 -73.997300 0.000000 2.000000
40.748974 -74.003237 0.000000 2.000000
40.709811 -73.991837 0.000000 2.000000
40.733292 -73.987180 0.000000 2.000000
40.733292 -73.987180 0.000000 2.000000
40.759200 -73.984619 0.000000 2.000000
40.748438 -73.984560 0.000000 2.000000
40.762396 -73.978601 0.000000 2.000000
40.809340 -73.959216 0.000000 2.000000
40.761501 -73.997820 0.000000 2.000000
40.759983 -73.964802 0.000000 2.000000
40.773642 -73.959856 0.000000 2.000000
40.769117 -73.988559 0.000000 2.000000
40.755505 -73.968067 0.000000 2.000000
40.853063 -73.930994 0.000000 2.000000
40.726397 -73.986164 0.000000 2.000000
40.753368 -73.974648 1.000000 2.000000
40.720076 -73.988355 0.000000 2.000000
40.848120 -73.930884 0.000000 2.000000
40.801801 -73.961077 0.000000 2.000000
40.762290 -73.986106 1.000000 2.000000
40.864463 -73.918943 0.000000 2.000000
40.733743 -74.006293 1.000000 2.000000
40.718556 -73.988200 0.000000 2.000000
40.742706 -73.984526 1.000000 2.000000
40.768486 -73.955501 0.000000 2.000000
40.760223 -73.967462 0.000000 2.000000
40.805098 -73.954874 0.000000 2.000000
40.744780 -73.975882 0.000000 2.000000
40.740360 -73.973177 0.000000 2.000000
40.751081 -73.986852 0.000000 2.000000
40.849559 -73.932491 0.000000 2.000000
40.762968 -73.981893 0.000000 2.000000
40.737566 -74.009920 0.000000 2.000000
40.767917 -73.985715 0.000000 2.000000
40.800438 -73.965712 1.000000 2.000000
40.741643 -73.978167 0.000000 2.000000
40.836558 -73.943053 0.000000 2.000000
40.852380 -73.931494 0.000000 2.000000
40.723796 -74.000368 1.000000 2.000000
40.837231 -73.938839 0.000000 2.000000
40.761501 -73.997820 0.000000 2.000000
40.732348 -73.984939 0.000000 2.000000
40.795312 -73.935912 0.000000 2.000000
40.747236 -73.993359 1.000000 2.000000
40.760601 -73.964314 0.000000 2.000000
40.744099 -73.995644 1.000000 2.000000
40.722934 -73.988639 0.000000 2.000000
40.796681 -73.934914 7.000000 2.000000
40.761607 -73.990315 0.000000 2.000000
40.742285 -74.004417 0.000000 2.000000
40.750294 -73.994843 0.000000 2.000000
40.718963 -74.001273 0.000000 2.000000
40.777363 -73.964367 1.000000 2.000000
40.813659 -73.956049 0.000000 2.000000
40.765520 -73.980037 0.000000 2.000000
40.760301 -73.994983 0.000000 2.000000
40.867027 -73.920770 2.000000 2.000000
40.768544 -73.965693 1.000000 2.000000
40.764908 -73.958124 1.000000 2.000000
40.754678 -73.975806 1.000000 2.000000
40.743783 -73.973508 0.000000 2.000000
40.756527 -73.994019 0.000000 2.000000
40.768486 -73.955501 0.000000 2.000000
40.819095 -73.940929 0.000000 2.000000
40.812739 -73.937618 1.000000 2.000000
40.726168 -73.998362 1.000000 2.000000
40.741623 -73.993735 0.000000 2.000000
40.738755 -74.006459 0.000000 2.000000
40.723078 -73.982073 0.000000 2.000000
40.764627 -73.995545 0.000000 2.000000
40.717917 -73.993954 0.000000 2.000000
40.708228 -74.006532 0.000000 2.000000
40.815306 -73.943700 0.000000 2.000000
40.721309 -73.994704 1.000000 2.000000
40.759527 -73.999242 0.000000 2.000000
40.809405 -73.957244 0.000000 2.000000
40.818472 -73.941392 0.000000 2.000000
40.742646 -73.982454 0.000000 2.000000
40.749824 -73.972202 0.000000 2.000000
40.730723 -73.989053 2.000000 2.000000
40.755910 -73.994467 0.000000 2.000000
40.749671 -73.995297 0.000000 2.000000
40.720076 -73.988355 0.000000 2.000000
40.760353 -73.991232 0.000000 2.000000
40.764791 -73.984282 0.000000 2.000000
40.723626 -74.004788 0.000000 2.000000
40.764170 -73.984734 0.000000 2.000000
40.746660 -73.990068 4.000000 2.000000
40.746417 -73.981832 0.000000 2.000000
40.798935 -73.936360 2.000000 2.000000
40.757021 -74.004927 1.000000 2.000000
40.757732 -73.996852 1.000000 2.000000
40.760601 -73.964314 0.000000 2.000000
40.763114 -73.962515 0.000000 2.000000
40.713692 -74.013754 1.000000 2.000000
40.850168 -73.935754 2.000000 2.000000
40.764323 -73.977196 0.000000 2.000000
40.858273 -73.931817 2.000000 2.000000
40.721633 -73.993528 0.000000 2.000000
40.736005 -73.993617 0.000000 2.000000
40.758981 -73.995943 0.000000 2.000000
40.733147 -74.005867 0.000000 2.000000
40.797450 -73.946702 0.000000 2.000000
40.761857 -73.963426 0.000000 2.000000
40.764791 -73.984282 0.000000 2.000000
40.772209 -73.982179 0.000000 2.000000
40.765016 -73.984835 0.000000 2.000000
40.789051 -73.970301 0.000000 2.000000
40.798506 -73.967122 0.000000 2.000000
40.791562 -73.968472 0.000000 2.000000
40.822711 -73.937623 0.000000 2.000000
40.748356 -74.003688 0.000000 2.000000
40.728772 -74.007090 0.000000 2.000000
40.723260 -73.988430 0.000000 2.000000
40.722550 -74.006299 0.000000 2.000000
40.750802 -73.998181 0.000000 2.000000
40.802116 -73.936086 0.000000 2.000000
40.860818 -73.920047 0.000000 2.000000
40.814546 -73.944267 0.000000 2.000000
40.726118 -74.001598 0.000000 2.000000
40.792185 -73.968017 0.000000 2.000000
40.722934 -73.988639 0.000000 2.000000
40.732447 -73.991279 0.000000 2.000000
40.752190 -73.993464 0.000000 2.000000
40.748089 -73.983709 0.000000 2.000000
40.753482 -73.980889 0.000000 2.000000
40.762963 -73.971868 0.000000 2.000000
40.866493 -73.918124 0.000000 2.000000
40.722242 -73.986287 0.000000 2.000000
40.756452 -73.970315 0.000000 2.000000
40.742588 -73.980412 1.000000 2.000000
40.743826 -73.979509 0.000000 2.000000
40.839232 -73.945544 0.000000 2.000000
40.764281 -73.998581 0.000000 2.000000
40.766045 -73.983365 0.000000 2.000000
40.763593 -73.981434 0.000000 2.000000
40.719025 -73.989769 0.000000 2.000000
40.759527 -73.999242 0.000000 2.000000
40.742839 -74.000274 0.000000 2.000000
40.747153 -73.985495 0.000000 2.000000
40.730380 -73.986376 2.000000 2.000000
40.744099 -73.995644 0.000000 2.000000
40.754748 -73.987890 1.000000 2.000000
40.859327 -73.931313 0.000000 2.000000
40.722698 -73.987864 0.000000 2.000000
40.756607 -73.976502 2.000000 2.000000
40.799102 -73.968541 1.000000 2.000000
40.758339 -73.996408 0.000000 2.000000
40.761771 -73.979056 0.000000 2.000000
40.768803 -73.958360 0.000000 2.000000
40.721921 -73.990039 0.000000 2.000000
40.799240 -73.962870 0.000000 2.000000
40.732593 -73.974411 0.000000 2.000000
40.758329 -73.968936 0.000000 2.000000
40.732593 -73.974411 1.000000 2.000000
40.818612 -73.960952 0.000000 2.000000
40.820006 -73.958874 0.000000 2.000000
40.740262 -74.005864 0.000000 2.000000
40.758377 -73.994376 0.000000 2.000000
40.821541 -73.942863 3.000000 2.000000
40.754707 -73.991633 0.000000 2.000000
40.783631 -73.943517 0.000000 2.000000
40.812201 -73.942250 0.000000 2.000000
40.814487 -73.955460 0.000000 2.000000
40.825232 -73.947604 0.000000 2.000000
40.857840 -73.932041 1.000000 2.000000
40.760223 -73.967462 0.000000 2.000000
40.762913 -73.969800 1.000000 2.000000
40.753368 -73.974648 0.000000 2.000000
40.743783 -73.973508 0.000000 2.000000
40.730006 -73.983536 0.000000 2.000000
40.761234 -73.963884 0.000000 2.000000
40.739751 -74.002522 0.000000 2.000000
40.757732 -73.996852 0.000000 2.000000
40.764113 -73.988495 0.000000 2.000000
40.797450 -73.946702 1.000000 2.000000
40.734963 -73.979790 0.000000 2.000000
40.741641 -73.981112 0.000000 2.000000
40.746039 -73.990516 0.000000 2.000000
40.867960 -73.920317 2.000000 2.000000
40.764684 -73.991787 0.000000 2.000000
40.768544 -73.965693 0.000000 2.000000
40.802751 -73.933575 0.000000 2.000000
40.807772 -73.945483 0.000000 2.000000
40.757847 -73.985009 0.000000 2.000000
40.753368 -73.974648 0.000000 2.000000
40.806128 -73.967375 0.000000 2.000000
40.753516 -73.988786 2.000000 2.000000
40.718309 -73.990844 0.000000 2.000000
40.824032 -73.944758 0.000000 2.000000
40.778181 -73.956545 0.000000 2.000000
40.726436 -74.005657 0.000000 2.000000
40.718795 -73.989012 6.000000 2.000000
40.861940 -73.918335 0.000000 2.000000
40.724273 -73.990818 0.000000 2.000000
40.762966 -73.973969 0.000000 2.000000
40.800584 -73.960067 1.000000 2.000000
40.759308 -73.965293 0.000000 2.000000
40.763658 -73.973464 0.000000 2.000000
40.790906 -73.939130 1.000000 2.000000
40.751447 -74.001429 0.000000 2.000000
40.740791 -73.983812 0.000000 2.000000
40.727290 -73.993639 0.000000 2.000000
40.865536 -73.927268 1.000000 2.000000
40.727095 -73.991554 0.000000 2.000000
40.787119 -73.947923 0.000000 2.000000
40.739782 -73.979503 0.000000 2.000000
40.749824 -73.972202 1.000000 2.000000
40.747510 -73.986315 0.000000 2.000000
40.755871 -73.972821 0.000000 2.000000
40.757232 -73.989792 0.000000 2.000000
40.717329 -73.989777 0.000000 2.000000
40.829022 -73.944837 0.000000 2.000000
40.823647 -73.943844 0.000000 2.000000
40.785882 -73.948827 0.000000 2.000000
40.764056 -73.992242 0.000000 2.000000
40.748215 -73.968540 0.000000 2.000000
40.731351 -73.982555 2.000000 2.000000
40.833947 -73.942697 0.000000 2.000000
40.798307 -73.936823 0.000000 2.000000
40.739512 -73.984743 0.000000 2.000000
40.722550 -74.006299 0.000000 2.000000
40.747236 -73.993359 0.000000 2.000000
40.761423 -73.984048 0.000000 2.000000
40.760937 -73.971241 0.000000 2.000000
40.741549 -73.989575 0.000000 2.000000
40.767235 -73.964531 0.000000 2.000000
40.740854 -73.985879 1.000000 2.000000
40.747684 -73.978786 0.000000 2.000000
40.762582 -74.000386 1.000000 2.000000
40.771781 -73.979194 0.000000 2.000000
40.745116 -73.980660 3.000000 2.000000
40.737866 -74.000184 0.000000 2.000000
40.759308 -73.965293 0.000000 2.000000
40.746682 -73.974495 0.000000 2.000000
40.799307 -73.943233 0.000000 2.000000
40.751658 -73.990132 1.000000 2.000000
40.762807 -73.993156 0.000000 2.000000
40.753554 -73.985043 0.000000 2.000000
40.771669 -73.986696 0.000000 2.000000
40.746478 -73.983897 1.000000 2.000000
40.750991 -73.990623 0.000000 2.000000
40.769296 -73.994939 0.000000 2.000000
40.767184 -73.962469 1.000000 2.000000
40.757286 -73.978115 0.000000 2.000000
40.755781 -74.001985 0.000000 2.000000
40.766045 -73.983365 0.000000 2.000000
40.808752 -73.959650 3.000000 2.000000
40.794755 -73.942348 0.000000 2.000000
40.751441 -73.973959 1.000000 2.000000
40.716972 -73.989950 0.000000 2.000000
40.734138 -73.999184 1.000000 2.000000
40.742285 -74.004417 0.000000 2.000000
40.803426 -73.933083 1.000000 2.000000
40.753482 -73.980889 0.000000 2.000000
40.753242 -73.966617 6.000000 2.000000
40.849309 -73.931916 0.000000 2.000000
40.757701 -73.969394 0.000000 2.000000
40.744033 -74.003118 0.000000 2.000000
40.731671 -74.006625 0.000000 2.000000
40.750766 -73.974443 0.000000 2.000000
40.753242 -73.966617 2.000000 2.000000
40.767803 -73.956000 0.000000 2.000000
40.728424 -73.999679 0.000000 2.000000
40.738135 -74.004175 0.000000 2.000000
40.762707 -73.983214 0.000000 2.000000
40.771658 -73.953188 0.000000 2.000000
40.729168 -74.001191 1.000000 2.000000
40.762342 -73.982352 0.000000 2.000000
40.854168 -73.933704 0.000000 2.000000
40.720840 -74.000660 0.000000 2.000000
40.742864 -74.003970 0.000000 2.000000
40.739405 -74.006449 0.000000 2.000000
40.762582 -74.000386 0.000000 2.000000
40.828399 -73.945297 0.000000 2.000000
40.756133 -73.967605 0.000000 2.000000
40.722506 -73.989751 0.000000 2.000000
40.752281 -73.989692 0.000000 2.000000
40.846153 -73.932324 1.000000 2.000000
40.788420 -73.970763 0.000000 2.000000
40.720982 -73.986951 0.000000 2.000000
40.762025 -74.001152 0.000000 2.000000
40.762025 -74.001152 2.000000 2.000000
40.734896 -74.003154 0.000000 2.000000
40.779807 -73.984477 0.000000 2.000000
40.742344 -73.983689 0.000000 2.000000
40.743097 -73.993226 0.000000 2.000000
40.814105 -73.940854 1.000000 2.000000
40.767235 -73.964531 2.000000 2.000000
40.805736 -73.940645 1.000000 2.000000
40.729186 -73.987249 0.000000 2.000000
40.724136 -73.992604 1.000000 2.000000
40.740854 -73.985879 0.000000 2.000000
40.731351 -73.982555 0.000000 2.000000
40.729186 -73.987249 0.000000 2.000000
40.817761 -73.947440 0.000000 2.000000
40.762287 -73.970259 0.000000 2.000000
40.755807 -73.986403 2.000000 2.000000
40.784237 -73.947070 0.000000 2.000000
40.719338 -73.985913 0.000000 2.000000
40.790314 -73.947686 0.000000 2.000000
40.704799 -74.016685 0.000000 2.000000
40.731322 -73.988613 1.000000 2.000000
40.818757 -73.959771 0.000000 2.000000
40.758981 -73.995943 0.000000 2.000000
40.846192 -73.938451 0.000000 2.000000
40.722174 -73.976150 0.000000 2.000000
40.716967 -73.994427 0.000000 2.000000
40.708686 -74.012361 1.000000 2.000000
40.748365 -73.980403 0.000000 2.000000
40.716014 -74.008824 0.000000 2.000000
40.764170 -73.984734 0.000000 2.000000
40.820098 -73.955076 0.000000 2.000000
40.762179 -73.966129 0.000000 2.000000
40.757732 -73.996852 0.000000 2.000000
40.743205 -73.979960 0.000000 2.000000
40.753389 -73.986595 0.000000 2.000000
40.761014 -73.985052 0.000000 2.000000
40.761036 -73.987016 0.000000 2.000000
40.755910 -73.994467 0.000000 2.000000
40.761234 -73.963884 0.000000 2.000000
40.746036 -73.988592 0.000000 2.000000
40.741469 -74.008733 0.000000 2.000000
40.724551 -74.001934 0.000000 2.000000
40.718803 -74.010400 0.000000 2.000000
40.714165 -74.006309 0.000000 2.000000
40.736377 -73.984935 0.000000 2.000000
40.726666 -73.983090 1.000000 2.000000
40.758976 -73.964503 0.000000 2.000000
40.732348 -73.984939 0.000000 2.000000
40.733633 -74.002786 0.000000 2.000000
40.788949 -73.940558 0.000000 2.000000
40.769982 -73.994646 0.000000 2.000000
40.713926 -73.999556 0.000000 2.000000
40.714502 -73.998795 0.000000 2.000000
40.740942 -74.007481 0.000000 2.000000
40.737361 -73.996839 0.000000 2.000000
40.761556 -73.994069 0.000000 2.000000
40.722934 -73.988639 0.000000 2.000000
40.762963 -73.971868 0.000000 2.000000
40.744008 -73.985695 0.000000 2.000000
40.731659 -73.985445 0.000000 2.000000
40.736005 -73.993617 0.000000 2.000000
40.860242 -73.928420 0.000000 2.000000
40.728034 -74.002150 0.000000 2.000000
40.805032 -73.956820 0.000000 2.000000
40.793557 -73.967016 0.000000 2.000000
40.804066 -73.932663 0.000000 2.000000
40.730323 -74.002468 1.000000 2.000000
40.750991 -73.990623 2.000000 2.000000
40.782633 -73.951198 0.000000 2.000000
40.788312 -73.976502 0.000000 2.000000
40.764278 -73.973016 0.000000 2.000000
40.777095 -73.982102 0.000000 2.000000
40.749053 -73.995749 0.000000 2.000000
40.760159 -74.002639 0.000000 2.000000
40.760405 -73.987474 0.000000 2.000000
40.747236 -73.993359 0.000000 2.000000
40.749591 -74.002786 0.000000 2.000000
40.728794 -74.000437 0.000000 2.000000
40.731166 -73.991921 0.000000 2.000000
40.728424 -73.999679 0.000000 2.000000
40.810319 -73.943624 0.000000 2.000000
40.719511 -73.987720 0.000000 2.000000
40.720840 -74.000660 0.000000 2.000000
40.740395 -73.979077 0.000000 2.000000
40.864403 -73.923766 0.000000 2.000000
40.720235 -73.984477 0.000000 2.000000
40.750991 -73.990623 0.000000 2.000000
40.722819 -73.993091 0.000000 2.000000
40.762127 -73.997387 0.000000 2.000000
40.746417 -73.981832 0.000000 2.000000
40.738831 -73.983148 1.000000 2.000000
40.719396 -74.001883 0.000000 2.000000
40.763666 -73.956082 0.000000 2.000000
40.751862 -73.977034 0.000000 2.000000
40.864525 -73.926619 0.000000 2.000000
40.738686 -73.995875 1.000000 2.000000
40.747895 -73.989166 0.000000 2.000000
40.744629 -73.998971 0.000000 2.000000
40.790417 -73.951835 0.000000 2.000000
40.820098 -73.955076 0.000000 2.000000
40.862395 -73.918013 0.000000 2.000000
40.715553 -73.989755 0.000000 2.000000
40.759738 -73.974223 0.000000 2.000000
40.760601 -73.964314 0.000000 2.000000
40.848393 -73.937672 2.000000 2.000000
40.729604 -73.988238 0.000000 2.000000
40.803216 -73.952530 1.000000 2.000000
40.742864 -74.003970 0.000000 2.000000
40.740509 -74.009307 0.000000 2.000000
40.761668 -73.974916 0.000000 2.000000
40.730447 -74.004305 0.000000 2.000000
40.720709 -73.981309 0.000000 2.000000
40.755869 -73.998210 0.000000 2.000000
40.715584 -74.003030 0.000000 2.000000
40.750775 -73.976537 0.000000 2.000000
40.806336 -73.955870 0.000000 2.000000
40.749023 -73.988039 0.000000 2.000000
40.738145 -74.009649 0.000000 2.000000
40.764791 -73.984282 0.000000 2.000000
40.764791 -73.984282 0.000000 2.000000
40.814206 -73.944517 0.000000 2.000000
40.766868 -73.959777 0.000000 2.000000
40.760223 -73.967462 0.000000 2.000000
40.831568 -73.942981 0.000000 2.000000
40.720754 -74.010069 0.000000 2.000000
40.762226 -73.968187 0.000000 2.000000
40.776562 -73.952705 0.000000 2.000000
40.727095 -73.991554 0.000000 2.000000
40.713692 -74.013754 2.000000 2.000000
40.716608 -74.004239 0.000000 2.000000
40.736932 -73.986227 0.000000 2.000000
40.759308 -73.965293 0.000000 2.000000
40.715856 -73.994953 0.000000 2.000000
40.702960 -74.011505 0.000000 2.000000
40.757701 -73.969394 0.000000 2.000000
40.810209 -73.939496 2.000000 2.000000
40.769982 -73.994646 0.000000 2.000000
40.740471 -73.998286 0.000000 2.000000
40.872316 -73.912736 0.000000 2.000000
40.760776 -74.002184 0.000000 2.000000
40.753994 -73.974189 0.000000 2.000000
40.869257 -73.921884 0.000000 2.000000
40.754852 -73.982025 0.000000 2.000000
40.714678 -74.005887 0.000000 2.000000
40.742258 -73.977673 0.000000 2.000000
40.827680 -73.951321 0.000000 2.000000
40.706142 -74.006020 0.000000 2.000000
40.764281 -73.998581 1.000000 2.000000
40.855159 -73.929470 0.000000 2.000000
40.737229 -74.000646 0.000000 2.000000
40.749824 -73.972202 0.000000 2.000000
40.755129 -73.984775 1.000000 2.000000
40.746004 -73.994262 0.000000 2.000000
40.752966 -73.983675 0.000000 2.000000
40.757732 -73.996852 0.000000 2.000000
40.755756 -73.964786 0.000000 2.000000
40.720321 -73.994040 0.000000 2.000000
40.723308 -74.002980 0.000000 2.000000
40.738135 -74.004175 0.000000 2.000000
40.799985 -73.944847 0.000000 2.000000
40.742831 -74.007698 1.000000 2.000000
40.777410 -73.978798 0.000000 2.000000
40.761551 -73.966584 0.000000 2.000000
40.740207 -73.994778 0.000000 2.000000
40.840195 -73.943064 0.000000 2.000000
40.745422 -73.990967 1.000000 2.000000
40.796073 -73.943485 0.000000 2.000000
40.772344 -73.952686 1.000000 2.000000
40.818535 -73.947350 0.000000 2.000000
40.735307 -74.010103 0.000000 2.000000
40.729335 -74.005224 1.000000 2.000000
40.749102 -73.992006 0.000000 2.000000
40.755330 -73.991179 0.000000 2.000000
40.740395 -73.979077 4.000000 2.000000
40.755781 -74.001985 0.000000 2.000000
40.757232 -73.989792 0.000000 2.000000
40.848627 -73.934241 0.000000 2.000000
40.724276 -74.011354 2.000000 2.000000
40.739751 -74.002522 0.000000 2.000000
40.725472 -73.983960 0.000000 2.000000
40.721473 -73.983824 0.000000 2.000000
40.753713 -73.971612 0.000000 2.000000
40.709046 -74.008891 0.000000 2.000000
40.841680 -73.939333 0.000000 2.000000
40.721353 -74.004636 0.000000 2.000000
40.714209 -73.994842 1.000000 2.000000
40.744009 -73.999423 0.000000 2.000000
40.755193 -73.971218 0.000000 2.000000
40.731020 -73.985910 0.000000 2.000000
40.758633 -73.965784 0.000000 2.000000
40.766286 -73.981849 0.000000 2.000000
40.768803 -73.958360 0.000000 2.000000
40.719204 -73.990364 0.000000 2.000000
40.769750 -73.960602 6.000000 2.000000
40.723796 -74.000368 0.000000 2.000000
40.752190 -73.993464 0.000000 2.000000
40.759790 -73.987926 0.000000 2.000000
40.717280 -73.995429 0.000000 2.000000
40.717754 -73.990433 0.000000 2.000000
40.764832 -73.960799 0.000000 2.000000
40.743424 -73.999848 1.000000 2.000000
40.764521 -73.980773 0.000000 2.000000
40.756382 -73.964324 0.000000 2.000000
40.788312 -73.976502 0.000000 2.000000
40.802077 -73.934063 0.000000 2.000000
40.760601 -73.964314 0.000000 2.000000
40.757232 -73.989792 0.000000 2.000000
40.834061 -73.944880 0.000000 2.000000
40.743944 -73.983627 1.000000 2.000000
40.755505 -73.968067 0.000000 2.000000
40.766045 -73.983365 0.000000 2.000000
40.747078 -73.981341 0.000000 2.000000
40.734339 -74.002392 0.000000 2.000000
40.732316 -74.000512 0.000000 2.000000
40.712356 -74.000891 0.000000 2.000000
40.747206 -73.997098 1.000000 2.000000
40.759983 -73.964802 0.000000 2.000000
40.766714 -73.982878 0.000000 2.000000
40.757232 -73.989792 1.000000 2.000000
40.723650 -73.991024 3.000000 2.000000
40.853717 -73.926801 3.000000 2.000000
40.753368 -73.974648 0.000000 2.000000
40.721644 -73.989130 0.000000 2.000000
40.766286 -73.981849 0.000000 2.000000
40.762740 -73.959696 0.000000 2.000000
40.806415 -73.942262 0.000000 2.000000
40.817899 -73.938090 0.000000 2.000000
40.762342 -73.982352 0.000000 2.000000
40.733367 -73.976301 0.000000 2.000000
40.727661 -74.001389 0.000000 2.000000
40.831568 -73.942981 1.000000 2.000000
40.718795 -73.989012 0.000000 2.000000
40.783890 -73.950284 0.000000 2.000000
40.746078 -73.974936 0.000000 2.000000
40.747684 -73.978786 0.000000 2.000000
40.742227 -73.997008 0.000000 2.000000
40.740701 -74.008960 0.000000 2.000000
40.808973 -73.948325 0.000000 2.000000
40.794135 -73.942818 0.000000 2.000000
40.726974 -73.985738 1.000000 2.000000
40.745416 -74.008199 0.000000 2.000000
40.763991 -73.958782 0.000000 2.000000
40.724581 -73.990609 1.000000 2.000000
40.719484 -73.991284 0.000000 2.000000
40.750209 -74.002331 0.000000 2.000000
40.769270 -73.969364 0.000000 2.000000
40.770943 -73.950748 0.000000 2.000000
40.724433 -73.993459 0.000000 2.000000
40.736962 -73.984509 1.000000 2.000000
40.760223 -73.967462 1.000000 2.000000
40.744025 -74.008459 0.000000 2.000000
40.738135 -74.004175 0.000000 2.000000
40.807772 -73.945483 0.000000 2.000000
40.788996 -73.946557 0.000000 2.000000
40.717724 -73.985765 0.000000 2.000000
40.728794 -74.000437 0.000000 2.000000
40.758981 -73.962434 0.000000 2.000000
40.760223 -73.967462 0.000000 2.000000
40.748986 -73.979955 0.000000 2.000000
40.722401 -73.991648 0.000000 2.000000
40.725432 -73.996771 0.000000 2.000000
40.755505 -73.968067 0.000000 2.000000
40.804376 -73.937420 0.000000 2.000000
40.768033 -73.995848 0.000000 2.000000
40.720939 -73.993795 0.000000 2.000000
40.810319 -73.943624 1.000000 2.000000
40.745797 -73.982280 0.000000 2.000000
40.856504 -73.932762 0.000000 2.000000
40.733743 -74.006293 0.000000 2.000000
40.756764 -73.967153 0.000000 2.000000
40.760223 -73.967462 0.000000 2.000000
40.748365 -73.980403 4.000000 2.000000
40.767889 -73.981512 0.000000 2.000000
40.761234 -73.963884 0.000000 2.000000
40.759308 -73.965293 0.000000 2.000000
40.736562 -73.989016 1.000000 2.000000
40.860527 -73.919378 0.000000 2.000000
40.755807 -73.986403 0.000000 2.000000
40.752281 -73.989692 0.000000 2.000000
40.722242 -73.986287 0.000000 2.000000
40.717724 -73.985765 1.000000 2.000000
40.811601 -73.934892 0.000000 2.000000
40.751748 -73.970805 0.000000 2.000000
40.746078 -73.974936 0.000000 2.000000
40.741275 -73.975342 0.000000 2.000000
40.726666 -73.983090 0.000000 2.000000
40.824742 -73.948504 0.000000 2.000000
40.777554 -73.948880 0.000000 2.000000
40.731707 -74.000956 0.000000 2.000000
40.735790 -73.985361 0.000000 2.000000
40.717724 -73.985765 1.000000 2.000000
40.803196 -73.942568 0.000000 2.000000
40.727156 -74.005545 0.000000 2.000000
40.760229 -73.961521 0.000000 2.000000
40.752801 -73.979286 0.000000 2.000000
40.779807 -73.984477 0.000000 2.000000
40.788695 -73.937861 0.000000 2.000000
40.784942 -73.946589 0.000000 2.000000
40.719484 -73.991284 0.000000 2.000000
40.763115 -73.999650 0.000000 2.000000
40.750318 -73.991111 0.000000 2.000000
40.717650 -73.988669 0.000000 2.000000
40.750991 -73.990623 0.000000 2.000000
40.750242 -73.998596 2.000000 2.000000
40.743263 -73.982010 0.000000 2.000000
40.756557 -73.974437 0.000000 2.000000
40.800507 -73.967973 0.000000 2.000000
40.726527 -73.995844 3.000000 2.000000
40.765413 -73.967976 0.000000 2.000000
40.762966 -73.973969 0.000000 2.000000
40.749102 -73.984077 0.000000 2.000000
40.808447 -73.944995 0.000000 2.000000
40.770529 -73.980111 0.000000 2.000000
40.755950 -73.990727 0.000000 2.000000
40.775562 -73.950337 0.000000 2.000000
40.760457 -73.983731 0.000000 2.000000
40.803426 -73.933083 0.000000 2.000000
40.752023 -74.004721 0.000000 2.000000
40.733292 -73.987180 0.000000 2.000000
40.840848 -73.937375 0.000000 2.000000
40.730913 -74.002818 0.000000 2.000000
40.810764 -73.952590 1.000000 2.000000
40.774929 -73.950800 0.000000 2.000000
40.756031 -73.979025 0.000000 2.000000
40.726250 -74.003731 0.000000 2.000000
40.761148 -73.979515 0.000000 2.000000
40.824510 -73.951851 0.000000 2.000000
40.818511 -73.937645 0.000000 2.000000
40.746078 -73.974936 0.000000 2.000000
40.762179 -73.966129 0.000000 2.000000
40.739087 -73.991376 1.000000 2.000000
40.755406 -73.979484 0.000000 2.000000
40.718430 -74.000530 0.000000 2.000000
40.736791 -73.978497 1.000000 2.000000
40.751748 -73.970805 0.000000 2.000000
40.725797 -73.997612 2.000000 2.000000
40.753100 -73.977875 0.000000 2.000000
40.760823 -73.998314 0.000000 2.000000
40.749788 -73.987769 0.000000 2.000000
40.735069 -74.001970 0.000000 2.000000
40.713843 -73.992724 0.000000 2.000000
40.762582 -74.000386 1.000000 2.000000
40.781430 -73.954178 0.000000 2.000000
40.749603 -73.979504 0.000000 2.000000
40.744008 -73.985695 0.000000 2.000000
40.759527 -73.999242 0.000000 2.000000
40.736005 -73.993617 0.000000 2.000000
40.803072 -73.938371 0.000000 2.000000
40.741626 -74.006972 0.000000 2.000000
40.749130 -73.988238 0.000000 2.000000
40.722242 -73.986287 0.000000 2.000000
40.747009 -73.977187 0.000000 2.000000
40.753516 -73.988786 0.000000 2.000000
40.847357 -73.935171 1.000000 2.000000
40.757828 -73.993070 0.000000 2.000000
40.834061 -73.944880 0.000000 2.000000
40.850448 -73.936661 0.000000 2.000000
40.729186 -73.987249 0.000000 2.000000
40.728413 -73.994253 0.000000 2.000000
40.721449 -73.997399 0.000000 2.000000
40.752936 -73.985487 0.000000 2.000000
40.784669 -73.956032 0.000000 2.000000
40.736377 -73.984935 1.000000 2.000000
40.759308 -73.965293 1.000000 2.000000
40.759308 -73.965293 0.000000 2.000000
40.856715 -73.932632 0.000000 2.000000
40.750766 -73.974443 0.000000 2.000000
40.856715 -73.932632 1.000000 2.000000
40.772332 -73.958715 0.000000 2.000000
40.744061 -74.006810 0.000000 2.000000
40.747629 -73.976736 0.000000 2.000000
40.750661 -73.987779 0.000000 2.000000
40.715081 -73.992490 0.000000 2.000000
40.738831 -73.983148 0.000000 2.000000
40.763589 -73.971410 0.000000 2.000000
40.796003 -73.935409 0.000000 2.000000
40.768891 -73.982094 0.000000 2.000000
40.759620 -73.961965 0.000000 2.000000
40.747925 -73.973607 1.000000 2.000000
40.713135 -74.004058 0.000000 2.000000
40.727877 -74.005426 0.000000 2.000000
40.709523 -74.001666 0.000000 2.000000
40.723681 -74.003637 0.000000 2.000000
40.851435 -73.935084 0.000000 2.000000
40.752023 -74.004721 0.000000 2.000000
40.721026 -73.991504 0.000000 2.000000
40.738550 -73.980420 0.000000 2.000000
40.758695 -73.985338 0.000000 2.000000
40.707772 -74.012963 0.000000 2.000000
40.756770 -73.982710 0.000000 2.000000
40.765881 -73.994632 0.000000 2.000000
40.721921 -73.990039 0.000000 2.000000
40.765933 -73.990877 0.000000 2.000000
40.752723 -73.996788 0.000000 2.000000
40.718795 -73.989012 0.000000 2.000000
40.865797 -73.919997 0.000000 2.000000
40.750011 -73.990346 0.000000 2.000000
40.742336 -73.981747 0.000000 2.000000
40.719750 -73.992161 0.000000 2.000000
40.761551 -73.966584 0.000000 2.000000
40.720477 -73.989718 0.000000 2.000000
40.857982 -73.927237 0.000000 2.000000
40.801110 -73.965217 0.000000 2.000000
40.753944 -73.972136 1.000000 2.000000
40.753625 -73.969432 0.000000 2.000000
40.748469 -73.992461 0.000000 2.000000
40.721638 -74.011891 0.000000 2.000000
40.754491 -74.006739 0.000000 2.000000
40.762966 -73.973969 0.000000 2.000000
40.730006 -73.983536 0.000000 2.000000
40.750775 -73.976537 0.000000 2.000000
40.750775 -73.976537 0.000000 2.000000
40.758429 -73.992633 0.000000 2.000000
40.828310 -73.943143 0.000000 2.000000
40.767917 -73.985715 0.000000 2.000000
40.741357 -73.989127 3.000000 2.000000
40.760601 -73.964314 1.000000 2.000000
40.802562 -73.942992 0.000000 2.000000
40.763655 -73.999047 0.000000 2.000000
40.764222 -73.980979 1.000000 2.000000
40.749130 -73.988238 0.000000 2.000000
40.719832 -73.987543 1.000000 2.000000
40.720626 -73.994971 1.000000 2.000000
40.724694 -73.994181 0.000000 2.000000
40.715081 -73.992490 0.000000 2.000000
40.794755 -73.942348 0.000000 2.000000
40.746403 -73.979725 5.000000 2.000000
40.731964 -73.988154 0.000000 2.000000
40.846153 -73.932324 0.000000 2.000000
40.801185 -73.939746 0.000000 2.000000
40.762968 -73.981893 0.000000 2.000000
40.762963 -73.971868 0.000000 2.000000
40.742864 -74.003970 0.000000 2.000000
40.729013 -73.984244 0.000000 2.000000
40.709806 -74.009988 0.000000 2.000000
40.750209 -74.002331 1.000000 2.000000
40.723022 -73.998813 0.000000 2.000000
40.722934 -73.988639 0.000000 2.000000
40.761616 -73.972851 0.000000 2.000000
40.826762 -73.937576 0.000000 2.000000
40.808447 -73.944995 0.000000 2.000000
40.718795 -73.989012 0.000000 2.000000
40.820006 -73.958874 0.000000 2.000000
40.717099 -73.998589 1.000000 2.000000
40.815306 -73.943700 1.000000 2.000000
40.743783 -73.973508 0.000000 2.000000
40.737731 -73.988179 0.000000 2.000000
40.767494 -73.959318 1.000000 2.000000
40.725673 -74.005780 0.000000 2.000000
40.750218 -73.979056 0.000000 2.000000
40.799985 -73.944847 0.000000 2.000000
40.731739 -73.991460 0.000000 2.000000
40.719338 -73.985913 0.000000 2.000000
40.744061 -74.006810 0.000000 2.000000
40.748400 -73.999939 0.000000 2.000000
40.740942 -74.007481 0.000000 2.000000
40.812692 -73.953127 0.000000 2.000000
40.756764 -73.967153 0.000000 2.000000
40.778822 -73.953985 1.000000 2.000000
40.744760 -73.995153 1.000000 2.000000
40.757232 -73.989792 0.000000 2.000000
40.785294 -73.969335 0.000000 2.000000
40.761234 -73.963884 0.000000 2.000000
40.801801 -73.961077 0.000000 2.000000
40.785805 -73.942847 0.000000 2.000000
40.759271 -73.980887 0.000000 2.000000
40.725432 -73.996771 0.000000 2.000000
40.733979 -73.990943 1.000000 2.000000
40.763734 -73.962063 0.000000 2.000000
40.829163 -73.937267 1.000000 2.000000
40.727290 -73.993639 0.000000 2.000000
40.723010 -73.985753 0.000000 2.000000
40.764617 -73.958323 0.000000 2.000000
40.794786 -73.964303 0.000000 2.000000
40.820626 -73.958415 0.000000 2.000000
40.744621 -74.002692 0.000000 2.000000
40.745058 -73.978606 0.000000 2.000000
40.723747 -74.006115 0.000000 2.000000
40.725432 -73.996771 0.000000 2.000000
40.722934 -73.988639 1.000000 2.000000
40.718795 -73.989012 0.000000 2.000000
40.767343 -73.968672 0.000000 2.000000
40.720709 -73.981309 0.000000 2.000000
40.736005 -73.993617 0.000000 2.000000
40.756031 -73.979025 0.000000 2.000000
40.729370 -73.983998 0.000000 2.000000
40.796073 -73.943485 2.000000 2.000000
40.713549 -73.972026 0.000000 2.000000
40.834951 -73.946903 0.000000 2.000000
40.733633 -74.002786 0.000000 2.000000
40.761551 -73.966584 0.000000 2.000000
40.726464 -73.977090 0.000000 2.000000
40.755871 -73.972821 0.000000 2.000000
40.853686 -73.930538 1.000000 2.000000
40.766141 -73.971647 1.000000 2.000000
40.724905 -73.992326 0.000000 2.000000
40.765530 -73.997671 0.000000 2.000000
40.718430 -74.000530 0.000000 2.000000
40.752120 -73.977677 0.000000 2.000000
40.755756 -73.964786 0.000000 2.000000
40.746004 -73.994262 0.000000 2.000000
40.810974 -73.936811 5.000000 2.000000
40.847871 -73.936403 0.000000 2.000000
40.748512 -73.988714 1.000000 2.000000
40.838560 -73.945856 0.000000 2.000000
40.731064 -74.001411 0.000000 2.000000
40.755600 -73.976058 0.000000 2.000000
40.757232 -73.989792 0.000000 2.000000
40.725646 -73.992063 0.000000 2.000000
40.792698 -73.975074 1.000000 2.000000
40.848393 -73.937672 0.000000 2.000000
40.846726 -73.935620 0.000000 2.000000
40.755910 -73.994467 1.000000 2.000000
40.751577 -73.982275 0.000000 2.000000
40.776319 -73.962125 0.000000 2.000000
40.731893 -74.003789 0.000000 2.000000
40.763547 -73.969338 0.000000 2.000000
40.729862 -73.991434 0.000000 2.000000
40.747297 -73.974044 1.000000 2.000000
40.749540 -73.977436 0.000000 2.000000
40.856180 -73.928714 0.000000 2.000000
40.760776 -74.002184 0.000000 2.000000
40.735790 -73.985361 2.000000 2.000000
40.810174 -73.951167 3.000000 2.000000
40.751751 -74.007926 0.000000 2.000000
40.761551 -73.966584 0.000000 2.000000
40.730122 -73.989468 0.000000 2.000000
40.731322 -73.988613 1.000000 2.000000
40.857840 -73.932041 2.000000 2.000000
40.751701 -73.986400 0.000000 2.000000
40.763658 -73.973464 0.000000 2.000000
40.750318 -73.991111 0.000000 2.000000
40.720626 -73.994971 0.000000 2.000000
40.726175 -74.010964 1.000000 2.000000
40.742773 -73.986597 0.000000 2.000000
40.723686 -73.996475 1.000000 2.000000
40.721473 -73.983824 0.000000 2.000000
40.728596 -73.987672 0.000000 2.000000
40.744780 -73.975882 0.000000 2.000000
40.752120 -73.977677 0.000000 2.000000
40.724495 -73.981636 0.000000 2.000000
40.742910 -73.992804 0.000000 2.000000
40.808973 -73.948325 0.000000 2.000000
40.751523 -73.993947 0.000000 2.000000
40.747854 -73.992908 0.000000 2.000000
40.754688 -73.995355 0.000000 2.000000
40.754727 -73.977874 0.000000 2.000000
40.720436 -74.006696 0.000000 2.000000
40.776562 -73.952705 0.000000 2.000000
40.801916 -73.953478 1.000000 2.000000
40.797932 -73.933992 0.000000 2.000000
40.738903 -73.987302 0.000000 2.000000
40.740184 -73.986363 1.000000 2.000000
40.819732 -73.960164 0.000000 2.000000
40.720557 -74.003510 0.000000 2.000000
40.738755 -74.003446 0.000000 2.000000
40.762740 -73.959696 0.000000 2.000000
40.757732 -73.996852 0.000000 2.000000
40.731997 -73.990211 0.000000 2.000000
40.704086 -74.008988 0.000000 2.000000
40.757911 -73.977653 1.000000 2.000000
40.824510 -73.951851 0.000000 2.000000
40.770742 -73.994548 1.000000 2.000000
40.778946 -73.962304 0.000000 2.000000
40.797946 -73.940023 0.000000 2.000000
40.745727 -73.978123 0.000000 2.000000
40.760906 -73.966996 0.000000 2.000000
40.851109 -73.930602 1.000000 2.000000
40.767816 -73.989505 1.000000 2.000000
40.755374 -73.987446 0.000000 2.000000
40.726281 -73.980334 1.000000 2.000000
40.719204 -73.990364 0.000000 2.000000
40.727156 -74.005545 1.000000 2.000000
40.739630 -74.006333 0.000000 2.000000
40.848627 -73.934241 1.000000 2.000000
40.732348 -73.984939 1.000000 2.000000
40.732447 -73.991279 0.000000 2.000000
40.774022 -73.954559 0.000000 2.000000
40.742255 -74.000704 0.000000 2.000000
40.721633 -73.993528 0.000000 2.000000
40.748247 -73.976288 0.000000 2.000000
40.758306 -74.000137 0.000000 2.000000
40.707432 -74.001042 0.000000 2.000000
40.763375 -73.996459 0.000000 2.000000
40.750991 -73.990623 0.000000 2.000000
40.757363 -73.960670 0.000000 2.000000
40.730380 -73.986376 0.000000 2.000000
40.722934 -73.988639 0.000000 2.000000
40.819572 -73.951746 0.000000 2.000000
40.743944 -73.983627 0.000000 2.000000
40.741667 -74.001130 0.000000 2.000000
40.765983 -73.965445 0.000000 2.000000
40.757286 -73.978115 0.000000 2.000000
40.800980 -73.931774 0.000000 2.000000
40.738312 -73.987742 0.000000 2.000000
40.712531 -74.007665 0.000000 2.000000
40.871604 -73.915059 0.000000 2.000000
40.770753 -73.956940 0.000000 2.000000
40.799132 -73.966663 0.000000 2.000000
40.744061 -74.006810 0.000000 2.000000
40.732854 -74.007523 0.000000 2.000000
40.766166 -73.954246 0.000000 2.000000
40.749824 -73.972202 1.000000 2.000000
40.719593 -73.986750 2.000000 2.000000
40.748891 -74.007023 1.000000 2.000000
40.758429 -73.992633 1.000000 2.000000
40.755251 -73.998661 0.000000 2.000000
40.743449 -74.003540 0.000000 2.000000
40.765933 -73.990877 0.000000 2.000000
40.762184 -73.993611 1.000000 2.000000
40.723881 -73.996951 0.000000 2.000000
40.727095 -73.991554 0.000000 2.000000
40.854168 -73.933704 0.000000 2.000000
40.756770 -73.982710 3.000000 2.000000
40.796797 -73.947175 3.000000 2.000000
40.825232 -73.947604 1.000000 2.000000
40.757232 -73.989792 0.000000 2.000000
40.820098 -73.955076 0.000000 2.000000
40.755300 -73.975344 0.000000 2.000000
40.776106 -73.979745 0.000000 2.000000
40.863690 -73.917064 0.000000 2.000000
40.808752 -73.959650 0.000000 2.000000
40.807772 -73.945483 2.000000 2.000000
40.748800 -73.969846 0.000000 2.000000
40.743263 -73.982010 0.000000 2.000000
40.728989 -74.009348 0.000000 2.000000
40.725472 -73.983960 1.000000 2.000000
40.717724 -73.985765 0.000000 2.000000
40.721886 -73.977348 0.000000 2.000000
40.720235 -73.984477 1.000000 2.000000
40.742910 -73.992804 0.000000 2.000000
40.721449 -73.997399 0.000000 2.000000
40.762488 -73.962974 0.000000 2.000000
40.719396 -74.001883 1.000000 2.000000
40.798622 -73.941619 3.000000 2.000000
40.784942 -73.946589 0.000000 2.000000
40.742812 -73.996579 1.000000 2.000000
40.741623 -73.993735 0.000000 2.000000
40.791570 -73.944677 0.000000 2.000000
40.752218 -73.999426 0.000000 2.000000
40.763658 -73.973464 0.000000 2.000000
40.759271 -73.980887 2.000000 2.000000
40.867692 -73.921214 0.000000 2.000000
40.718556 -73.988200 0.000000 2.000000
40.771464 -73.994346 0.000000 2.000000
40.855879 -73.935481 0.000000 2.000000
40.763114 -73.962515 0.000000 2.000000
40.762226 -73.968187 0.000000 2.000000
40.756035 -73.986948 2.000000 2.000000
40.723022 -73.998813 1.000000 2.000000
40.779497 -73.953493 0.000000 2.000000
40.724952 -73.994909 1.000000 2.000000
40.732928 -74.000065 0.000000 2.000000
40.836558 -73.943053 0.000000 2.000000
40.742255 -74.000704 0.000000 2.000000
40.730430 -74.000123 0.000000 2.000000
40.730320 -74.004687 0.000000 2.000000
40.753516 -73.988786 0.000000 2.000000
40.719193 -73.999841 0.000000 2.000000
40.846726 -73.935620 5.000000 2.000000
40.717724 -73.985765 1.000000 2.000000
40.751748 -73.970805 0.000000 2.000000
40.738552 -73.999682 0.000000 2.000000
40.753242 -73.966617 0.000000 2.000000
40.748438 -73.996196 0.000000 2.000000
40.739630 -74.006333 0.000000 2.000000
40.750209 -74.002331 0.000000 2.000000
40.757828 -73.993070 0.000000 2.000000
40.747925 -73.973607 0.000000 2.000000
40.718004 -73.986584 0.000000 2.000000
40.806983 -73.953500 0.000000 2.000000
40.799441 -73.955303 1.000000 2.000000
40.705996 -74.005205 0.000000 2.000000
40.726436 -74.005657 0.000000 2.000000
40.732253 -73.996352 0.000000 2.000000
40.797945 -73.942122 0.000000 2.000000
40.826428 -73.950451 0.000000 2.000000
40.718556 -73.988200 0.000000 2.000000
40.731410 -73.996973 0.000000 2.000000
40.761148 -73.979515 4.000000 2.000000
40.731964 -73.988154 0.000000 2.000000
40.764113 -73.988495 0.000000 2.000000
40.736377 -73.984935 0.000000 2.000000
40.720076 -73.988355 0.000000 2.000000
40.826684 -73.935390 0.000000 2.000000
40.812611 -73.956826 0.000000 2.000000
40.810066 -73.954968 1.000000 2.000000
40.745179 -73.982728 0.000000 2.000000
40.727846 -73.982227 0.000000 2.000000
40.760906 -73.966996 0.000000 2.000000
40.754619 -73.973734 0.000000 2.000000
40.819095 -73.940929 0.000000 2.000000
40.757672 -73.994824 0.000000 2.000000
40.764787 -73.968431 0.000000 2.000000
40.731064 -74.001411 0.000000 2.000000
40.725432 -73.996771 0.000000 2.000000
40.790253 -73.945635 0.000000 2.000000
40.719204 -73.990364 0.000000 2.000000
40.788479 -73.951133 0.000000 2.000000
40.857840 -73.932041 1.000000 2.000000
40.720939 -73.993795 0.000000 2.000000
40.729432 -73.978027 0.000000 2.000000
40.735796 -74.001552 0.000000 2.000000
40.720076 -73.988355 0.000000 2.000000
40.704799 -74.016685 0.000000 2.000000
40.721731 -73.984678 0.000000 2.000000
40.758308 -73.962926 0.000000 2.000000
40.804376 -73.937420 2.000000 2.000000
40.753387 -73.996304 0.000000 2.000000
40.747765 -73.982958 3.000000 2.000000
40.738145 -74.009649 0.000000 2.000000
40.788420 -73.970763 0.000000 2.000000
40.730079 -73.992842 1.000000 2.000000
40.731020 -73.985910 0.000000 2.000000
40.743944 -73.983627 1.000000 2.000000
40.737553 -74.008206 0.000000 2.000000
40.835932 -73.943512 0.000000 2.000000
40.754688 -73.995355 0.000000 2.000000
40.713056 -74.007225 0.000000 2.000000
40.765310 -73.991332 0.000000 2.000000
40.720436 -74.006696 0.000000 2.000000
40.769272 -73.981021 0.000000 2.000000
40.812751 -73.945570 0.000000 2.000000
40.767110 -73.981718 0.000000 2.000000
40.771464 -73.994346 0.000000 2.000000
40.764033 -73.982470 1.000000 2.000000
40.708228 -74.006532 1.000000 2.000000
40.716814 -73.997763 0.000000 2.000000
40.735925 -74.000722 0.000000 2.000000
40.755292 -73.994922 0.000000 2.000000
40.863572 -73.926012 0.000000 2.000000
40.771738 -73.961243 0.000000 2.000000
40.729726 -73.980859 0.000000 2.000000
40.801920 -73.943437 1.000000 2.000000
40.747236 -73.993359 0.000000 2.000000
40.797484 -73.948786 0.000000 2.000000
40.766562 -73.990422 0.000000 2.000000
40.717650 -73.988669 1.000000 2.000000
40.719204 -73.990364 1.000000 2.000000
40.783830 -73.977825 0.000000 2.000000
40.746493 -74.001324 1.000000 2.000000
40.726436 -74.005657 0.000000 2.000000
40.746078 -73.974936 0.000000 2.000000
40.724575 -73.987492 0.000000 2.000000
40.724273 -73.990818 0.000000 2.000000
40.715433 -74.007543 0.000000 2.000000
40.721353 -74.004636 0.000000 2.000000
40.726866 -73.979908 0.000000 2.000000
40.752693 -73.973046 0.000000 2.000000
40.757639 -73.963410 0.000000 2.000000
40.794809 -73.944407 0.000000 2.000000
40.721062 -73.998196 0.000000 2.000000
40.740443 -74.002021 1.000000 2.000000
40.742646 -73.982454 0.000000 2.000000
40.832766 -73.945824 0.000000 2.000000
40.764056 -73.964756 0.000000 2.000000
40.761234 -73.963884 0.000000 2.000000
40.745860 -73.984344 0.000000 2.000000
40.739751 -74.002522 0.000000 2.000000
40.721633 -73.993528 3.000000 2.000000
40.763375 -73.996459 0.000000 2.000000
40.713468 -73.998582 0.000000 2.000000
40.850168 -73.935754 0.000000 2.000000
40.865536 -73.927268 0.000000 2.000000
40.732348 -73.984939 0.000000 2.000000
40.729186 -73.987249 0.000000 2.000000
40.807338 -73.964390 0.000000 2.000000
40.847429 -73.931394 0.000000 2.000000
40.750218 -73.979056 0.000000 2.000000
40.751748 -73.970805 0.000000 2.000000
40.857840 -73.932041 0.000000 2.000000
40.737886 -73.980904 1.000000 2.000000
40.760535 -73.958351 0.000000 2.000000
40.728794 -74.000437 2.000000 2.000000
40.793474 -73.937257 0.000000 2.000000
40.807338 -73.964390 1.000000 2.000000
40.760153 -73.998794 0.000000 2.000000
40.727095 -73.991554 1.000000 2.000000
40.763998 -73.996004 0.000000 2.000000
40.765419 -73.983824 0.000000 2.000000
40.773336 -73.955054 4.000000 2.000000
40.716445 -73.988366 0.000000 2.000000
40.757232 -73.989792 0.000000 2.000000
40.800659 -73.954392 1.000000 2.000000
40.718430 -74.000530 0.000000 2.000000
40.800659 -73.954392 0.000000 2.000000
40.726779 -73.988985 0.000000 2.000000
40.748247 -73.976288 0.000000 2.000000
40.710177 -74.001136 0.000000 2.000000
40.760823 -73.998314 0.000000 2.000000
40.715235 -74.013351 0.000000 2.000000
40.735433 -73.982694 1.000000 2.000000
40.756764 -73.967153 0.000000 2.000000
40.820006 -73.958874 0.000000 2.000000
40.732928 -74.000065 2.000000 2.000000
40.718556 -73.988200 0.000000 2.000000
40.720321 -73.994040 0.000000 2.000000
40.735069 -74.001970 0.000000 2.000000
40.760601 -73.964314 0.000000 2.000000
40.737886 -73.980904 0.000000 2.000000
40.724273 -73.990818 0.000000 2.000000
40.725646 -73.992063 0.000000 2.000000
40.762968 -73.981893 0.000000 2.000000
40.756133 -73.967605 0.000000 2.000000
40.748540 -73.973141 1.000000 2.000000
40.810843 -73.950679 2.000000 2.000000
40.824813 -73.936787 0.000000 2.000000
40.770742 -73.994548 0.000000 2.000000
40.730718 -74.004460 1.000000 2.000000
40.765242 -73.957868 0.000000 2.000000
40.736534 -74.005828 0.000000 2.000000
40.746403 -73.979725 0.000000 2.000000
40.773601 -73.981572 2.000000 2.000000
40.790990 -73.965176 0.000000 2.000000
40.725026 -74.005895 0.000000 2.000000
40.811567 -73.942720 0.000000 2.000000
40.724932 -73.990342 0.000000 2.000000
40.750282 -73.981124 0.000000 2.000000
40.722934 -73.988639 0.000000 2.000000
40.862605 -73.920276 0.000000 2.000000
40.851323 -73.940286 0.000000 2.000000
40.792815 -73.937735 0.000000 2.000000
40.824757 -73.940516 0.000000 2.000000
40.759578 -73.968025 0.000000 2.000000
40.727877 -74.005426 0.000000 2.000000
40.760906 -73.966996 0.000000 2.000000
40.741643 -73.978167 0.000000 2.000000
40.771696 -73.959182 0.000000 2.000000
40.764281 -73.998581 1.000000 2.000000
40.758981 -73.995943 5.000000 2.000000
40.787047 -73.977586 1.000000 2.000000
40.760457 -73.983731 0.000000 2.000000
40.737731 -73.988179 1.000000 2.000000
40.731964 -73.988154 0.000000 2.000000
40.851180 -73.939238 0.000000 2.000000
40.731964 -73.988154 0.000000 2.000000
40.753387 -73.996304 1.000000 2.000000
40.765520 -73.980037 3.000000 2.000000
40.728435 -74.002782 0.000000 2.000000
40.753516 -73.988786 0.000000 2.000000
40.741667 -74.001130 0.000000 2.000000
40.774368 -73.963549 0.000000 2.000000
40.704549 -74.014290 0.000000 2.000000
40.779479 -73.973573 0.000000 2.000000
40.813388 -73.945103 0.000000 2.000000
40.723747 -74.006115 0.000000 2.000000
40.734434 -73.989904 0.000000 2.000000
40.750307 -74.008366 1.000000 2.000000
40.720892 -73.995750 0.000000 2.000000
40.730122 -73.989468 0.000000 2.000000
40.765365 -73.987578 0.000000 2.000000
40.761857 -73.963426 0.000000 2.000000
40.726436 -74.005657 0.000000 2.000000
40.731997 -73.990211 0.000000 2.000000
40.729551 -73.989901 0.000000 2.000000
40.796797 -73.947175 0.000000 2.000000
40.821382 -73.954133 0.000000 2.000000
40.721249 -73.992236 1.000000 2.000000
40.773655 -73.951725 0.000000 2.000000
40.719396 -74.001883 0.000000 2.000000
40.733147 -74.005867 1.000000 2.000000
40.741549 -73.989575 0.000000 2.000000
40.760353 -73.991232 1.000000 2.000000
40.719082 -73.985072 0.000000 2.000000
40.786485 -73.972173 0.000000 2.000000
40.760457 -73.983731 1.000000 2.000000
40.754688 -73.995355 0.000000 2.000000
40.808842 -73.965813 1.000000 2.000000
40.728746 -73.978536 0.000000 2.000000
40.767119 -73.956495 0.000000 2.000000
40.740262 -73.990516 0.000000 2.000000
40.769982 -73.994646 1.000000 2.000000
40.758533 -73.988843 0.000000 2.000000
40.754057 -73.995817 0.000000 2.000000
40.747925 -73.973607 0.000000 2.000000
40.728067 -73.998954 0.000000 2.000000
40.730723 -73.989053 0.000000 2.000000
40.813390 -73.956259 0.000000 2.000000
40.726931 -73.996659 3.000000 2.000000
40.750991 -73.990623 0.000000 2.000000
40.754841 -73.984118 0.000000 2.000000
40.744099 -73.995644 0.000000 2.000000
40.771464 -73.994346 0.000000 2.000000
40.720376 -74.003261 3.000000 2.000000
40.746403 -73.979725 0.000000 2.000000
40.741350 -73.981311 0.000000 2.000000
40.773642 -73.959856 0.000000 2.000000
40.773642 -73.959856 0.000000 2.000000
40.720436 -74.006696 0.000000 2.000000
40.725772 -74.000898 0.000000 2.000000
40.800659 -73.954392 4.000000 2.000000
40.785866 -73.950929 1.000000 2.000000
40.719972 -73.992897 0.000000 2.000000
40.755406 -73.979484 0.000000 2.000000
40.739087 -73.991376 0.000000 2.000000
40.815306 -73.943700 0.000000 2.000000
40.719972 -73.992897 0.000000 2.000000
40.822933 -73.938129 0.000000 2.000000
40.754876 -73.968522 0.000000 2.000000
40.705184 -74.007394 0.000000 2.000000
40.773336 -73.955054 1.000000 2.000000
40.749591 -74.002786 0.000000 2.000000
40.722672 -73.982964 1.000000 2.000000
40.720076 -73.988355 0.000000 2.000000
40.723022 -73.998813 0.000000 2.000000
40.760906 -73.966996 0.000000 2.000000
40.729432 -73.978027 0.000000 2.000000
40.723650 -73.985284 0.000000 2.000000
40.725777 -73.986604 3.000000 2.000000
40.752855 -73.992980 0.000000 2.000000
40.728794 -74.000437 0.000000 2.000000
40.745300 -73.986846 0.000000 2.000000
40.753143 -74.007406 0.000000 2.000000
40.797816 -73.971337 0.000000 2.000000
40.750209 -74.002331 0.000000 2.000000
40.867634 -73.916589 0.000000 2.000000
40.765520 -73.980037 0.000000 2.000000
40.744559 -73.983176 0.000000 2.000000
40.718430 -74.000530 0.000000 2.000000
40.736669 -73.997341 0.000000 2.000000
40.773053 -73.962401 0.000000 2.000000
40.754688 -73.995355 0.000000 2.000000
40.718458 -73.994809 0.000000 2.000000
40.742910 -73.992804 1.000000 2.000000
40.786100 -73.939658 0.000000 2.000000
40.721449 -73.997399 0.000000 2.000000
40.722550 -74.006299 0.000000 2.000000
40.757973 -73.985536 0.000000 2.000000
40.760927 -73.994528 0.000000 2.000000
40.755781 -74.001985 0.000000 2.000000
40.843502 -73.937983 0.000000 2.000000
40.734339 -74.002392 0.000000 2.000000
40.726397 -73.986164 0.000000 2.000000
40.717280 -73.995429 0.000000 2.000000
40.720709 -73.981309 0.000000 2.000000
40.743881 -73.981559 1.000000 2.000000
40.747009 -73.977187 0.000000 2.000000
40.731042 -73.999603 0.000000 2.000000
40.779364 -73.977368 0.000000 2.000000
40.823260 -73.942923 0.000000 2.000000
40.747277 -73.989617 0.000000 2.000000
40.757701 -73.969394 0.000000 2.000000
40.770571 -73.982140 1.000000 2.000000
40.821541 -73.942863 0.000000 2.000000
40.740262 -74.005864 0.000000 2.000000
40.760857 -73.961069 1.000000 2.000000
40.754688 -73.995355 0.000000 2.000000
40.762288 -73.972363 1.000000 2.000000
40.862581 -73.925374 1.000000 2.000000
40.760405 -73.987474 1.000000 2.000000
40.727661 -74.001389 0.000000 2.000000
40.722470 -73.987135 0.000000 2.000000
40.719204 -73.990364 2.000000 2.000000
40.752411 -73.978348 1.000000 2.000000
40.723914 -73.987972 0.000000 2.000000
40.754748 -73.987890 0.000000 2.000000
40.747078 -73.981341 0.000000 2.000000
40.717381 -73.991303 0.000000 2.000000
40.764365 -73.961608 1.000000 2.000000
40.820626 -73.958415 0.000000 2.000000
40.717724 -73.985765 1.000000 2.000000
40.716814 -73.997763 2.000000 2.000000
40.773530 -73.985331 0.000000 2.000000
40.756133 -73.967605 0.000000 2.000000
40.815691 -73.958295 0.000000 2.000000
40.762226 -73.968187 0.000000 2.000000
40.817899 -73.938090 0.000000 2.000000
40.742285 -74.004417 0.000000 2.000000
40.798615 -73.943743 1.000000 2.000000
40.759308 -73.965293 0.000000 2.000000
40.759271 -73.980887 0.000000 2.000000
40.728605 -74.005315 1.000000 2.000000
40.740701 -74.008960 0.000000 2.000000
40.797260 -73.940519 0.000000 2.000000
40.745058 -73.978606 0.000000 2.000000
40.742864 -74.003970 0.000000 2.000000
40.759527 -73.999242 0.000000 2.000000
40.719396 -74.001883 0.000000 2.000000
40.815767 -73.956597 0.000000 2.000000
40.762290 -73.986106 0.000000 2.000000
40.762488 -73.962974 0.000000 2.000000
40.740443 -74.002021 0.000000 2.000000
40.847871 -73.936403 0.000000 2.000000
40.867015 -73.923109 2.000000 2.000000
40.763114 -73.962515 0.000000 2.000000
40.843223 -73.939176 1.000000 2.000000
40.750903 -73.998120 0.000000 2.000000
40.764113 -73.988495 0.000000 2.000000
40.745727 -73.978123 0.000000 2.000000
40.742864 -74.003970 0.000000 2.000000
40.703152 -74.014430 0.000000 2.000000
40.710177 -74.001136 0.000000 2.000000
40.813390 -73.956259 0.000000 2.000000
40.721172 -73.996576 0.000000 2.000000
40.764222 -73.980979 0.000000 2.000000
40.848393 -73.937672 0.000000 2.000000
40.719484 -73.991284 0.000000 2.000000
40.748438 -73.984560 1.000000 2.000000
40.731064 -74.001411 0.000000 2.000000
40.765365 -73.987578 1.000000 2.000000
40.722324 -74.011747 0.000000 2.000000
40.716814 -73.997763 1.000000 2.000000
40.725083 -73.995328 0.000000 2.000000
40.726436 -74.005657 1.000000 2.000000
40.821382 -73.954133 0.000000 2.000000
40.822836 -73.941916 1.000000 2.000000
40.717931 -74.000988 0.000000 2.000000
40.719204 -73.990364 0.000000 2.000000
40.731064 -74.001411 0.000000 2.000000
40.761272 -73.962061 0.000000 2.000000
40.768391 -73.981679 0.000000 2.000000
40.744187 -73.991869 0.000000 2.000000
40.817599 -73.953185 0.000000 2.000000
40.809491 -73.951663 1.000000 2.000000
40.764281 -73.998581 0.000000 2.000000
40.719204 -73.990364 1.000000 2.000000
40.738755 -74.003446 0.000000 2.000000
40.734674 -73.994584 1.000000 2.000000
40.765546 -73.954702 0.000000 2.000000
40.742864 -74.003970 0.000000 2.000000
40.759527 -73.999242 0.000000 2.000000
40.803700 -73.935817 1.000000 2.000000
40.759104 -73.992142 0.000000 2.000000
40.733978 -73.986678 0.000000 2.000000
40.824563 -73.948100 0.000000 2.000000
40.740297 -74.007939 0.000000 2.000000
40.786100 -73.939658 0.000000 2.000000
40.716814 -73.997763 2.000000 2.000000
40.717724 -73.985765 0.000000 2.000000
40.701783 -74.011166 0.000000 2.000000
40.766045 -73.983365 0.000000 2.000000
40.746078 -73.974936 0.000000 2.000000
40.723036 -73.994910 0.000000 2.000000
40.850168 -73.935754 0.000000 2.000000
40.780437 -73.949882 0.000000 2.000000
40.804369 -73.935325 1.000000 2.000000
40.746660 -73.990068 1.000000 2.000000
40.758695 -73.985338 0.000000 2.000000
40.723175 -73.989393 0.000000 2.000000
40.759578 -73.968025 0.000000 2.000000
40.739880 -73.998712 0.000000 2.000000
40.727095 -73.991554 0.000000 2.000000
40.761607 -73.990315 0.000000 2.000000
40.763645 -73.977687 0.000000 2.000000
40.763658 -73.973464 0.000000 2.000000
40.766852 -73.953748 0.000000 2.000000
40.760927 -73.994528 0.000000 2.000000
40.863572 -73.926012 0.000000 2.000000
40.721678 -73.980605 1.000000 2.000000
40.708798 -74.010846 0.000000 2.000000
40.711326 -73.983613 1.000000 2.000000
40.827206 -73.942454 0.000000 2.000000
40.818174 -73.956483 1.000000 2.000000
40.744629 -73.998971 0.000000 2.000000
40.739751 -74.002522 0.000000 2.000000
40.721353 -74.004636 0.000000 2.000000
40.727594 -73.985294 0.000000 2.000000
40.759104 -73.992142 0.000000 2.000000
40.775487 -73.982164 0.000000 2.000000
40.848018 -73.940437 0.000000 2.000000
40.740023 -74.005290 0.000000 2.000000
40.750766 -73.974443 1.000000 2.000000
40.759104 -73.992142 0.000000 2.000000
40.854168 -73.933704 1.000000 2.000000
40.798593 -73.933518 0.000000 2.000000
40.821638 -73.939077 1.000000 2.000000
40.717724 -73.985765 0.000000 2.000000
40.757339 -73.986013 0.000000 2.000000
40.750661 -73.987779 0.000000 2.000000
40.740733 -73.981762 2.000000 2.000000
40.722723 -73.994152 0.000000 2.000000
40.822689 -73.949463 2.000000 2.000000
40.757911 -73.977653 0.000000 2.000000
40.850168 -73.935754 0.000000 2.000000
40.751701 -73.986400 0.000000 2.000000
40.732374 -74.003471 0.000000 2.000000
40.742375 -74.008791 0.000000 2.000000
40.744187 -73.991869 0.000000 2.000000
40.733974 -74.000357 0.000000 2.000000
40.795540 -73.948094 1.000000 2.000000
40.718795 -73.989012 1.000000 2.000000
40.788056 -73.944322 0.000000 2.000000
40.850354 -73.940605 0.000000 2.000000
40.763375 -73.996459 0.000000 2.000000
40.774115 -73.988627 1.000000 2.000000
40.742814 -73.988643 0.000000 2.000000
40.720321 -73.994040 0.000000 2.000000
40.764278 -73.973016 0.000000 2.000000
40.733979 -73.990943 0.000000 2.000000
40.734618 -73.986213 0.000000 2.000000
40.759308 -73.965293 0.000000 2.000000
40.760601 -73.964314 0.000000 2.000000
40.728769 -73.984431 0.000000 2.000000
40.720892 -73.995750 0.000000 2.000000
40.719920 -73.986594 0.000000 2.000000
40.757339 -73.986013 0.000000 2.000000
40.840195 -73.943064 1.000000 2.000000
40.707683 -74.015679 0.000000 2.000000
40.732384 -74.010352 0.000000 2.000000
40.733978 -73.986678 1.000000 2.000000
40.769120 -73.955039 0.000000 2.000000
40.783147 -73.978327 2.000000 2.000000
40.733633 -74.002786 0.000000 2.000000
40.744780 -73.975882 0.000000 2.000000
40.751122 -73.971263 0.000000 2.000000
40.768033 -73.995848 0.000000 2.000000
40.748365 -73.980403 0.000000 2.000000
40.809340 -73.959216 1.000000 2.000000
40.726250 -74.003731 1.000000 2.000000
40.761607 -73.990315 0.000000 2.000000
40.767392 -73.982365 1.000000 2.000000
40.728424 -73.999679 0.000000 2.000000
40.726186 -73.989429 0.000000 2.000000
40.784591 -73.941971 0.000000 2.000000
40.747153 -73.985495 0.000000 2.000000
40.743263 -73.982010 0.000000 2.000000
40.761036 -73.987016 1.000000 2.000000
40.758429 -73.992633 0.000000 2.000000
40.720235 -73.984477 0.000000 2.000000
40.775292 -73.953626 0.000000 2.000000
40.762342 -73.982352 0.000000 2.000000
40.790365 -73.965627 0.000000 2.000000
40.822018 -73.953670 5.000000 2.000000
40.736968 -74.009952 2.000000 2.000000
40.750318 -73.991111 0.000000 2.000000
40.734434 -73.989904 0.000000 2.000000
40.728034 -74.002150 0.000000 2.000000
40.722355 -73.993261 0.000000 2.000000
40.790895 -73.945168 0.000000 2.000000
40.754622 -73.997127 0.000000 2.000000
40.754748 -73.987890 0.000000 2.000000
40.740023 -74.005290 0.000000 2.000000
40.726281 -73.980334 0.000000 2.000000
40.858913 -73.922959 2.000000 2.000000
40.785294 -73.969335 0.000000 2.000000
40.821293 -73.957912 0.000000 2.000000
40.742588 -73.980412 0.000000 2.000000
40.770390 -73.954114 0.000000 2.000000
40.760223 -73.967462 0.000000 2.000000
40.845332 -73.942341 1.000000 2.000000
40.764323 -73.977196 0.000000 2.000000
40.742864 -74.003970 0.000000 2.000000
40.754841 -73.984118 0.000000 2.000000
40.864664 -73.928889 0.000000 2.000000
40.761659 -73.986561 0.000000 2.000000
40.761556 -73.994069 0.000000 2.000000
40.794736 -73.969872 0.000000 2.000000
40.760405 -73.987474 0.000000 2.000000
40.825232 -73.947604 1.000000 2.000000
40.856715 -73.932632 1.000000 2.000000
40.731322 -73.988613 1.000000 2.000000
40.722934 -73.988639 0.000000 2.000000
40.747854 -73.992908 1.000000 2.000000
40.723650 -73.991024 1.000000 2.000000
40.704634 -74.014427 0.000000 2.000000
40.711392 -74.008599 0.000000 2.000000
40.730723 -73.989053 2.000000 2.000000
40.758429 -73.992633 0.000000 2.000000
40.724136 -73.992604 2.000000 2.000000
40.739168 -73.979969 0.000000 2.000000
40.725797 -73.997612 0.000000 2.000000
40.760794 -73.984511 1.000000 2.000000
40.753387 -73.996304 0.000000 2.000000
40.752687 -74.000527 0.000000 2.000000
40.742588 -73.980412 0.000000 2.000000
40.807772 -73.945483 0.000000 2.000000
40.757748 -73.971452 0.000000 2.000000
40.760857 -73.961069 0.000000 2.000000
40.801291 -73.943896 1.000000 2.000000
40.741623 -73.993735 1.000000 2.000000
40.762963 -73.971868 0.000000 2.000000
40.735868 -73.976365 0.000000 2.000000
40.776877 -73.949372 1.000000 2.000000
40.837178 -73.942597 1.000000 2.000000
40.755924 -73.974889 0.000000 2.000000
40.856180 -73.928714 1.000000 2.000000
40.743424 -73.999848 0.000000 2.000000
40.810896 -73.946922 3.000000 2.000000
40.864463 -73.918943 0.000000 2.000000
40.743826 -73.979509 0.000000 2.000000
40.718018 -73.999957 0.000000 2.000000
40.776237 -73.955868 0.000000 2.000000
40.712723 -74.009667 3.000000 2.000000
40.735069 -74.001970 0.000000 2.000000
40.798627 -73.939521 0.000000 2.000000
40.866449 -73.930489 0.000000 2.000000
40.725686 -73.980767 0.000000 2.000000
40.760457 -73.983731 0.000000 2.000000
40.756031 -73.979025 0.000000 2.000000
40.736791 -73.978497 1.000000 2.000000
40.716445 -73.988366 0.000000 2.000000
40.710984 -74.000509 0.000000 2.000000
40.768595 -73.985216 0.000000 2.000000
40.761607 -73.990315 0.000000 2.000000
40.822933 -73.938129 0.000000 2.000000
40.736005 -73.993617 0.000000 2.000000
40.760601 -73.964314 0.000000 2.000000
40.812052 -73.953543 1.000000 2.000000
40.759527 -73.999242 0.000000 2.000000
40.749706 -73.991562 0.000000 2.000000
40.746392 -73.977635 0.000000 2.000000
40.725074 -73.981211 0.000000 2.000000
40.737731 -73.988179 0.000000 2.000000
40.770742 -73.994548 0.000000 2.000000
40.719204 -73.990364 1.000000 2.000000
40.779925 -73.980675 0.000000 2.000000
40.755193 -73.971218 0.000000 2.000000
40.722300 -73.997121 1.000000 2.000000
40.760301 -73.994983 0.000000 2.000000
40.727402 -73.988538 0.000000 2.000000
40.803745 -73.955861 1.000000 2.000000
40.749824 -73.972202 1.000000 2.000000
40.744628 -73.985243 0.000000 2.000000
40.765991 -73.987123 2.000000 2.000000
40.863113 -73.920612 0.000000 2.000000
40.733633 -74.002786 0.000000 2.000000
40.717549 -73.999311 0.000000 2.000000
40.743205 -73.979960 0.000000 2.000000
40.750209 -74.002331 0.000000 2.000000
40.744033 -74.003118 0.000000 2.000000
40.805057 -73.939034 1.000000 2.000000
40.747022 -74.004652 2.000000 2.000000
40.745727 -73.978123 1.000000 2.000000
40.839174 -73.943466 0.000000 2.000000
40.757500 -73.968893 0.000000 2.000000
40.856504 -73.932762 0.000000 2.000000
40.753482 -73.980889 0.000000 2.000000
40.753313 -73.964813 0.000000 2.000000
40.729776 -73.986809 1.000000 2.000000
40.817009 -73.959493 1.000000 2.000000
40.757232 -73.989792 0.000000 2.000000
40.861772 -73.918469 0.000000 2.000000
40.736005 -73.993617 0.000000 2.000000
40.801866 -73.941352 0.000000 2.000000
40.709556 -74.006435 0.000000 2.000000
40.794135 -73.942818 0.000000 2.000000
40.798935 -73.936360 1.000000 2.000000
40.722355 -73.993261 1.000000 2.000000
40.790627 -73.942435 1.000000 2.000000
40.748365 -73.980403 0.000000 2.000000
40.744443 -73.979058 0.000000 2.000000
40.752120 -73.977677 0.000000 2.000000
40.846763 -73.933777 0.000000 2.000000
40.747146 -74.000848 0.000000 2.000000
40.825758 -73.950939 0.000000 2.000000
40.741275 -73.975342 0.000000 2.000000
40.814580 -73.947949 0.000000 2.000000
40.784237 -73.947070 1.000000 2.000000
40.843902 -73.942696 0.000000 2.000000
40.765933 -73.990877 0.000000 2.000000
40.724136 -73.992604 0.000000 2.000000
40.787442 -73.944771 0.000000 2.000000
40.729168 -74.001191 1.000000 2.000000
40.723631 -74.011473 0.000000 2.000000
40.830892 -73.941367 0.000000 2.000000
40.750661 -73.987779 0.000000 2.000000
40.729686 -73.998604 1.000000 2.000000
40.824184 -73.937225 1.000000 2.000000
40.810532 -73.962055 0.000000 2.000000
40.723650 -73.991024 0.000000 2.000000
40.747895 -73.989166 0.000000 2.000000
40.723022 -73.998813 0.000000 2.000000
40.761551 -73.966584 0.000000 2.000000
40.738757 -74.008105 0.000000 2.000000
40.756527 -73.994019 0.000000 2.000000
40.759625 -73.970079 1.000000 2.000000
40.764791 -73.984282 0.000000 2.000000
40.820098 -73.955076 0.000000 2.000000
40.863572 -73.926012 0.000000 2.000000
40.732348 -73.984939 0.000000 2.000000
40.741472 -73.985428 0.000000 2.000000
40.740360 -73.973177 1.000000 2.000000
40.753242 -73.966617 0.000000 2.000000
40.726666 -73.983090 0.000000 2.000000
40.723077 -73.976478 0.000000 2.000000
40.803959 -73.948271 0.000000 2.000000
40.814105 -73.940854 0.000000 2.000000
40.740849 -74.005124 0.000000 2.000000
40.730323 -74.002468 0.000000 2.000000
40.747925 -73.973607 1.000000 2.000000
40.721731 -73.984678 0.000000 2.000000
40.764162 -73.968890 1.000000 2.000000
40.754348 -73.976972 1.000000 2.000000
40.799843 -73.952457 0.000000 2.000000
40.751405 -74.005176 0.000000 2.000000
40.752379 -73.970343 0.000000 2.000000
40.717724 -73.985765 0.000000 2.000000
40.749053 -73.995749 0.000000 2.000000
40.719004 -74.005173 0.000000 2.000000
40.760229 -73.961521 2.000000 2.000000
40.809957 -73.944687 0.000000 2.000000
40.839232 -73.945544 0.000000 2.000000
40.765933 -73.990877 2.000000 2.000000
40.733589 -74.007343 0.000000 2.000000
40.747684 -73.978786 0.000000 2.000000
40.754177 -73.984595 0.000000 2.000000
40.755910 -73.994467 0.000000 2.000000
40.747684 -73.978786 0.000000 2.000000
40.752693 -73.973046 0.000000 2.000000
40.797946 -73.940023 1.000000 2.000000
40.718394 -73.989206 0.000000 2.000000
40.800721 -73.950636 0.000000 2.000000
40.737361 -73.996839 0.000000 2.000000
40.720835 -73.997655 0.000000 2.000000
40.757701 -73.969394 0.000000 2.000000
40.723626 -74.004788 0.000000 2.000000
40.729826 -74.010600 0.000000 2.000000
40.719396 -74.001883 0.000000 2.000000
40.738166 -73.983632 0.000000 2.000000
40.805057 -73.939034 1.000000 2.000000
40.755505 -73.968067 0.000000 2.000000
40.760927 -73.994528 0.000000 2.000000
40.739861 -73.995017 0.000000 2.000000
40.732222 -74.003554 0.000000 2.000000
40.730718 -74.004460 0.000000 2.000000
40.760823 -73.998314 3.000000 2.000000
40.718027 -74.003045 0.000000 2.000000
40.753482 -73.980889 0.000000 2.000000
40.806296 -73.936017 0.000000 2.000000
40.760601 -73.964314 0.000000 2.000000
40.801529 -73.952557 0.000000 2.000000
40.722934 -73.988639 0.000000 2.000000
40.800557 -73.940205 1.000000 2.000000
40.749824 -73.972202 0.000000 2.000000
40.787656 -73.977062 0.000000 2.000000
40.718292 -73.982479 1.000000 2.000000
40.721463 -73.988524 0.000000 2.000000
40.738755 -74.003446 0.000000 2.000000
40.722550 -74.006299 0.000000 2.000000
40.729186 -73.987249 0.000000 2.000000
40.746536 -73.985950 1.000000 2.000000
40.724136 -73.992604 0.000000 2.000000
40.752197 -73.981824 0.000000 2.000000
40.807772 -73.945483 0.000000 2.000000
40.771390 -73.950430 1.000000 2.000000
40.724136 -73.992604 0.000000 2.000000
40.736005 -73.993617 0.000000 2.000000
40.727402 -73.988538 0.000000 2.000000
40.865536 -73.927268 1.000000 2.000000
40.827200 -73.936680 0.000000 2.000000
40.762065 -73.983630 0.000000 2.000000
40.863690 -73.917064 0.000000 2.000000
40.745770 -73.970421 0.000000 2.000000
40.811567 -73.942720 0.000000 2.000000
40.806408 -73.940156 0.000000 2.000000
40.733633 -74.002786 0.000000 2.000000
40.826822 -73.941536 0.000000 2.000000
40.805032 -73.956820 0.000000 2.000000
40.762488 -73.962974 0.000000 2.000000
40.723121 -74.006234 0.000000 2.000000
40.710906 -74.014457 0.000000 2.000000
40.753516 -73.988786 0.000000 2.000000
40.847211 -73.939780 0.000000 2.000000
40.731982 -73.981966 0.000000 2.000000
40.805032 -73.956820 1.000000 2.000000
40.820966 -73.939565 0.000000 2.000000
40.813388 -73.945103 1.000000 2.000000
40.738552 -73.999682 0.000000 2.000000
40.749591 -74.002786 0.000000 2.000000
40.733336 -73.983186 0.000000 2.000000
40.801801 -73.961077 1.000000 2.000000
40.745727 -73.978123 0.000000 2.000000
40.720321 -73.994040 0.000000 2.000000
40.754783 -73.979935 0.000000 2.000000
40.770742 -73.994548 0.000000 2.000000
40.756527 -73.994019 1.000000 2.000000
40.759406 -73.985103 0.000000 2.000000
40.741643 -73.978167 0.000000 2.000000
40.765881 -73.994632 0.000000 2.000000
40.841714 -73.935567 0.000000 2.000000
40.732619 -73.981501 1.000000 2.000000
40.737553 -74.008206 0.000000 2.000000
40.740942 -74.007481 0.000000 2.000000
40.760457 -73.983731 0.000000 2.000000
40.742839 -74.000274 0.000000 2.000000
40.871656 -73.911226 0.000000 2.000000
40.719972 -73.992897 0.000000 2.000000
40.720321 -73.994040 0.000000 2.000000
40.736562 -74.001093 0.000000 2.000000
40.719204 -73.990364 0.000000 2.000000
40.762582 -74.000386 0.000000 2.000000
40.740262 -73.990516 0.000000 2.000000
40.849294 -73.938968 0.000000 2.000000
40.766779 -73.996762 0.000000 2.000000
40.745293 -73.998488 0.000000 2.000000
40.748974 -74.003237 0.000000 2.000000
40.754814 -73.962549 0.000000 2.000000
40.756035 -73.986948 0.000000 2.000000
40.762807 -73.993156 0.000000 2.000000
40.782316 -73.948501 0.000000 2.000000
40.760823 -73.998314 0.000000 2.000000
40.713786 -73.993561 0.000000 2.000000
40.724267 -73.984837 0.000000 2.000000
40.745058 -73.978606 0.000000 2.000000
40.755179 -73.984938 0.000000 2.000000
40.848120 -73.930884 1.000000 2.000000
40.779540 -73.959773 0.000000 2.000000
40.738312 -73.987742 0.000000 2.000000
40.717724 -73.985765 0.000000 2.000000
40.719750 -73.992161 0.000000 2.000000
40.803700 -73.935817 0.000000 2.000000
40.752693 -73.973046 0.000000 2.000000
40.755910 -73.994467 0.000000 2.000000
40.769226 -73.984765 0.000000 2.000000
40.764898 -73.972553 0.000000 2.000000
40.738137 -74.003876 0.000000 2.000000
40.759626 -73.995474 0.000000 2.000000
40.747153 -73.985495 0.000000 2.000000
40.746493 -74.001324 0.000000 2.000000
40.799985 -73.944847 0.000000 2.000000
40.763589 -73.971410 0.000000 2.000000
40.734783 -73.998715 0.000000 2.000000
40.759626 -73.995474 1.000000 2.000000
40.737866 -74.000184 0.000000 2.000000
40.758999 -73.970534 0.000000 2.000000
40.744091 -73.976348 0.000000 2.000000
40.736562 -73.989016 4.000000 2.000000
40.723175 -73.989393 0.000000 2.000000
40.770742 -73.994548 0.000000 2.000000
40.771464 -73.994346 1.000000 2.000000
40.804886 -73.962474 0.000000 2.000000
40.743470 -74.007232 0.000000 2.000000
40.741970 -73.980859 0.000000 2.000000
40.763589 -73.971410 0.000000 2.000000
40.766198 -73.979546 0.000000 2.000000
40.733241 -74.000704 0.000000 2.000000
40.761036 -73.987016 0.000000 2.000000
40.715954 -73.986722 0.000000 2.000000
40.776604 -73.946628 1.000000 2.000000
40.759842 -73.984175 0.000000 2.000000
40.741469 -74.008733 1.000000 2.000000
40.863424 -73.930026 0.000000 2.000000
40.801866 -73.941352 0.000000 2.000000
40.789674 -73.969849 0.000000 2.000000
40.747773 -73.985044 0.000000 2.000000
40.744099 -73.995644 0.000000 2.000000
40.733292 -73.987180 0.000000 2.000000
40.758533 -73.988843 1.000000 2.000000
40.726392 -73.991796 0.000000 2.000000
40.734034 -73.995049 0.000000 2.000000
40.729653 -74.002205 0.000000 2.000000
40.742227 -73.997008 0.000000 2.000000
40.763998 -73.996004 0.000000 2.000000
40.754876 -73.968522 1.000000 2.000000
40.733292 -73.987180 1.000000 2.000000
40.722550 -74.006299 0.000000 2.000000
40.855557 -73.929170 1.000000 2.000000
40.740443 -74.002021 0.000000 2.000000
40.732316 -74.000512 0.000000 2.000000
40.810941 -73.943172 0.000000 2.000000
40.862926 -73.927767 1.000000 2.000000
40.763375 -73.996459 0.000000 2.000000
40.748512 -73.988714 0.000000 2.000000
40.761180 -73.957903 0.000000 2.000000
40.736562 -74.001093 0.000000 2.000000
40.736377 -73.984935 0.000000 2.000000
40.788959 -73.975942 0.000000 2.000000
40.759308 -73.965293 2.000000 2.000000
40.715237 -74.013379 0.000000 2.000000
40.803116 -73.956320 1.000000 2.000000
40.757973 -73.985536 0.000000 2.000000
40.759899 -73.980425 0.000000 2.000000
40.846911 -73.938233 1.000000 2.000000
40.760116 -73.984836 0.000000 2.000000
40.740791 -73.983812 0.000000 2.000000
40.752117 -73.975558 0.000000 2.000000
40.762488 -73.962974 0.000000 2.000000
40.738831 -73.983148 1.000000 2.000000
40.869445 -73.912849 0.000000 2.000000
40.749854 -73.987938 0.000000 2.000000
40.762913 -73.969800 0.000000 2.000000
40.732928 -74.000065 0.000000 2.000000
40.728596 -73.987672 1.000000 2.000000
40.730654 -73.983071 0.000000 2.000000
40.861772 -73.918469 0.000000 2.000000
40.721043 -73.988748 0.000000 2.000000
40.750991 -73.990623 0.000000 2.000000
40.752424 -74.007666 0.000000 2.000000
40.758533 -73.988843 0.000000 2.000000
40.721062 -73.998196 0.000000 2.000000
40.752059 -74.000982 0.000000 2.000000
40.733633 -74.002786 0.000000 2.000000
40.764627 -73.995545 0.000000 2.000000
40.770480 -73.983855 0.000000 2.000000
40.718018 -73.999957 1.000000 2.000000
40.747751 -73.980850 0.000000 2.000000
40.797450 -73.946702 1.000000 2.000000
40.813390 -73.956259 0.000000 2.000000
40.776562 -73.952705 0.000000 2.000000
40.754748 -73.987890 0.000000 2.000000
40.725932 -73.994650 0.000000 2.000000
40.754505 -73.965696 0.000000 2.000000
40.727290 -73.993639 0.000000 2.000000
40.764278 -73.973016 0.000000 2.000000
40.749102 -73.992006 0.000000 2.000000
40.719972 -73.992897 0.000000 2.000000
40.714269 -73.994142 0.000000 2.000000
40.759104 -73.992142 1.000000 2.000000
40.728746 -73.978536 0.000000 2.000000
40.771394 -73.982158 1.000000 2.000000
40.724267 -73.984837 0.000000 2.000000
40.814633 -73.944192 0.000000 2.000000
40.755824 -73.970760 1.000000 2.000000
40.724633 -73.998586 0.000000 2.000000
40.769117 -73.988559 1.000000 2.000000
40.730079 -73.992842 0.000000 2.000000
40.777505 -73.954946 0.000000 2.000000
40.759527 -73.999242 0.000000 2.000000
40.744009 -73.999423 0.000000 2.000000
40.770742 -73.994548 1.000000 2.000000
40.818949 -73.952201 1.000000 2.000000
40.775923 -73.953167 0.000000 2.000000
40.729168 -74.001191 0.000000 2.000000
40.713797 -74.008830 0.000000 2.000000
40.749824 -73.972202 0.000000 2.000000
40.726392 -73.991796 0.000000 2.000000
40.850168 -73.935754 0.000000 2.000000
40.760535 -73.958351 0.000000 2.000000
40.747925 -73.973607 0.000000 2.000000
40.759790 -73.987926 0.000000 2.000000
40.754783 -73.979935 0.000000 2.000000
40.736562 -73.989016 0.000000 2.000000
40.817009 -73.959493 0.000000 2.000000
40.741549 -73.989575 0.000000 2.000000
40.752120 -73.977677 0.000000 2.000000
40.747153 -73.985495 1.000000 2.000000
40.738219 -73.985674 0.000000 2.000000
40.710079 -74.016383 0.000000 2.000000
40.778794 -73.982055 0.000000 2.000000
40.745058 -73.978606 1.000000 2.000000
40.754841 -73.984118 0.000000 2.000000
40.784669 -73.956032 0.000000 2.000000
40.756559 -73.986107 0.000000 2.000000
40.721952 -73.996270 0.000000 2.000000
40.727661 -74.001389 0.000000 2.000000
40.752139 -73.979770 0.000000 2.000000
40.758981 -73.995943 0.000000 2.000000
40.841077 -73.939767 1.000000 2.000000
40.787753 -73.947461 0.000000 2.000000
40.792303 -73.950458 1.000000 2.000000
40.742839 -74.000274 0.000000 2.000000
40.790627 -73.942435 0.000000 2.000000
40.727846 -73.982227 0.000000 2.000000
40.755300 -73.975344 0.000000 2.000000
40.757339 -73.986013 2.000000 2.000000
40.723279 -73.982524 0.000000 2.000000
40.723650 -73.991024 2.000000 2.000000
40.749824 -73.972202 0.000000 2.000000
40.823120 -73.950497 0.000000 2.000000
40.734963 -73.979790 0.000000 2.000000
40.853063 -73.930994 1.000000 2.000000
40.761234 -73.963884 0.000000 2.000000
40.739233 -73.978193 0.000000 2.000000
40.717724 -73.985765 0.000000 2.000000
40.719972 -73.992897 0.000000 2.000000
40.806415 -73.942262 0.000000 2.000000
40.749788 -73.987769 2.000000 2.000000
40.714947 -74.009682 0.000000 2.000000
40.720709 -73.981309 1.000000 2.000000
40.749638 -73.999036 0.000000 2.000000
40.759730 -73.991683 1.000000 2.000000
40.740297 -74.007939 0.000000 2.000000
40.748290 -73.988177 0.000000 2.000000
40.759626 -73.995474 1.000000 2.000000
40.790872 -73.972691 0.000000 2.000000
40.723650 -73.991024 0.000000 2.000000
40.735135 -74.006069 0.000000 2.000000
40.768891 -73.982094 0.000000 2.000000
40.748247 -73.976288 0.000000 2.000000
40.831568 -73.942981 2.000000 2.000000
40.740471 -73.998286 0.000000 2.000000
40.744008 -73.985695 0.000000 2.000000
40.733633 -74.002786 0.000000 2.000000
40.760457 -73.983731 0.000000 2.000000
40.716014 -74.008824 0.000000 2.000000
40.773689 -73.961939 1.000000 2.000000
40.722242 -73.986287 1.000000 2.000000
40.742285 -74.004417 0.000000 2.000000
40.719204 -73.990364 0.000000 2.000000
40.754748 -73.987890 0.000000 2.000000
40.752064 -73.973504 0.000000 2.000000
40.736962 -73.984509 1.000000 2.000000
40.720939 -73.993795 0.000000 2.000000
40.785787 -73.978536 0.000000 2.000000
40.747854 -73.992908 0.000000 2.000000
40.818472 -73.941392 0.000000 2.000000
40.767392 -73.982365 1.000000 2.000000
40.762750 -73.996914 0.000000 2.000000
40.806354 -73.953955 0.000000 2.000000
40.738552 -73.999682 0.000000 2.000000
40.750904 -73.980673 0.000000 2.000000
40.757145 -73.993561 1.000000 2.000000
40.746493 -74.001324 0.000000 2.000000
40.741350 -73.981311 0.000000 2.000000
40.729112 -74.010672 0.000000 2.000000
40.764323 -73.977196 0.000000 2.000000
40.855427 -73.930873 0.000000 2.000000
40.758949 -73.968481 1.000000 2.000000
40.852321 -73.938774 0.000000 2.000000
40.758533 -73.988843 0.000000 2.000000
40.749788 -73.987769 1.000000 2.000000
40.760353 -73.991232 0.000000 2.000000
40.804886 -73.962474 0.000000 2.000000
40.761857 -73.963426 0.000000 2.000000
40.778822 -73.953985 1.000000 2.000000
