40.751558 -73.984123 0.000000 5.000000
40.720709 -73.981309 1.000000 5.000000
40.739861 -73.995017 0.000000 5.000000
40.704223 -74.009908 0.000000 5.000000
40.777874 -73.951743 0.000000 5.000000
40.760776 -73.957019 0.000000 5.000000
40.715856 -73.994953 0.000000 5.000000
40.755941 -73.983324 0.000000 5.000000
40.749185 -73.995640 0.000000 5.000000
40.752855 -73.992980 0.000000 5.000000
40.735370 -73.989969 0.000000 5.000000
40.762294 -73.974457 0.000000 5.000000
40.852380 -73.931494 0.000000 5.000000
40.767917 -73.985715 0.000000 5.000000
40.837899 -73.942083 1.000000 5.000000
40.759983 -73.964802 0.000000 5.000000
40.823647 -73.943844 0.000000 5.000000
40.771783 -73.965435 0.000000 5.000000
40.731964 -73.988154 2.000000 5.000000
40.725026 -74.005895 0.000000 5.000000
40.795052 -73.933156 0.000000 5.000000
40.757075 -73.969849 0.000000 5.000000
40.801741 -73.964758 0.000000 5.000000
40.723308 -74.002980 0.000000 5.000000
40.785174 -73.943317 0.000000 5.000000
40.729186 -73.987249 0.000000 5.000000
40.732222 -74.003554 0.000000 5.000000
40.766504 -73.994173 1.000000 5.000000
40.736188 -74.008321 1.000000 5.000000
40.749102 -73.992006 0.000000 5.000000
40.844910 -73.933233 0.000000 5.000000
40.854907 -73.929644 0.000000 5.000000
40.770742 -73.994548 0.000000 5.000000
40.739861 -73.995017 0.000000 5.000000
40.748512 -73.988714 0.000000 5.000000
40.762025 -74.001152 0.000000 5.000000
40.718018 -73.999957 2.000000 5.000000
40.787226 -73.954163 0.000000 5.000000
40.846106 -73.936080 0.000000 5.000000
40.758978 -73.993936 1.000000 5.000000
40.825430 -73.936306 0.000000 5.000000
40.749053 -73.995749 0.000000 5.000000
40.760906 -73.966996 1.000000 5.000000
40.858913 -73.922959 0.000000 5.000000
40.866336 -73.925004 1.000000 5.000000
40.748512 -73.988714 0.000000 5.000000
40.798243 -73.952462 0.000000 5.000000
40.788989 -73.974064 1.000000 5.000000
40.808221 -73.936719 0.000000 5.000000
40.754622 -73.997127 0.000000 5.000000
40.727156 -74.005545 0.000000 5.000000
40.765083 -73.996599 1.000000 5.000000
40.803123 -73.940438 0.000000 5.000000
40.801342 -73.945969 0.000000 5.000000
40.846763 -73.933777 0.000000 5.000000
40.749671 -73.995297 0.000000 5.000000
40.722663 -73.997980 0.000000 5.000000
40.739751 -74.002522 1.000000 5.000000
40.734009 -74.004561 0.000000 5.000000
40.826428 -73.950451 0.000000 5.000000
40.729686 -73.998604 0.000000 5.000000
40.747689 -74.004168 0.000000 5.000000
40.755516 -73.983624 0.000000 5.000000
40.741623 -73.993735 0.000000 5.000000
40.765868 -73.957413 0.000000 5.000000
40.759284 -73.959265 0.000000 5.000000
40.865195 -73.927037 0.000000 5.000000
40.715856 -73.994953 0.000000 5.000000
40.797887 -73.973461 0.000000 5.000000
40.755869 -73.998210 0.000000 5.000000
40.754876 -73.968522 0.000000 5.000000
40.808121 -73.960106 0.000000 5.000000
40.763547 -73.969338 0.000000 5.000000
40.761668 -73.974916 0.000000 5.000000
40.784237 -73.947070 0.000000 5.000000
40.726392 -73.991796 0.000000 5.000000
40.718556 -73.988200 0.000000 5.000000
40.737361 -73.996839 1.000000 5.000000
40.742854 -73.977207 0.000000 5.000000
40.732384 -74.010352 0.000000 5.000000
40.861936 -73.920772 0.000000 5.000000
40.715038 -73.996808 0.000000 5.000000
40.747689 -74.004168 1.000000 5.000000
40.767187 -73.989964 0.000000 5.000000
40.864463 -73.918943 0.000000 5.000000
40.739498 -73.982664 1.000000 5.000000
40.724136 -73.992604 1.000000 5.000000
40.759983 -73.964802 0.000000 5.000000
40.781130 -73.983527 0.000000 5.000000
40.704950 -74.011549 1.000000 5.000000
40.848120 -73.930884 0.000000 5.000000
40.756568 -73.990276 0.000000 5.000000
40.710906 -74.014457 1.000000 5.000000
40.737583 -74.003374 0.000000 5.000000
40.743100 -73.974009 0.000000 5.000000
40.727710 -73.999268 0.000000 5.000000
40.729565 -73.986289 1.000000 5.000000
40.716394 -73.996515 0.000000 5.000000
40.790872 -73.972691 0.000000 5.000000
40.802397 -73.936768 2.000000 5.000000
40.761148 -73.979515 0.000000 5.000000
40.756770 -73.982710 0.000000 5.000000
40.817548 -73.956935 1.000000 5.000000
40.862224 -73.925132 0.000000 5.000000
40.782573 -73.978757 1.000000 5.000000
40.766968 -73.956163 0.000000 5.000000
40.772344 -73.952686 0.000000 5.000000
40.783147 -73.978327 0.000000 5.000000
40.760159 -74.002639 0.000000 5.000000
40.748157 -73.970319 0.000000 5.000000
40.720436 -74.006696 0.000000 5.000000
40.761180 -73.957903 0.000000 5.000000
40.744645 -74.006384 0.000000 5.000000
40.747009 -73.977187 0.000000 5.000000
40.721660 -73.987568 0.000000 5.000000
40.816548 -73.940671 0.000000 5.000000
40.866101 -73.919205 0.000000 5.000000
40.750099 -73.974934 0.000000 5.000000
40.748886 -73.975841 0.000000 5.000000
40.757859 -73.975592 0.000000 5.000000
40.781025 -73.981310 0.000000 5.000000
40.764736 -73.988033 1.000000 5.000000
40.824510 -73.951851 0.000000 5.000000
40.745727 -73.978123 0.000000 5.000000
40.825138 -73.951395 1.000000 5.000000
40.721792 -73.999852 0.000000 5.000000
40.750681 -73.990861 0.000000 5.000000
40.818174 -73.956483 0.000000 5.000000
40.861952 -73.924984 0.000000 5.000000
40.708732 -74.013263 0.000000 5.000000
40.792723 -73.977092 0.000000 5.000000
40.763430 -73.992701 0.000000 5.000000
40.863411 -73.923135 0.000000 5.000000
40.759727 -73.985886 0.000000 5.000000
40.770742 -73.994548 0.000000 5.000000
40.789950 -73.942927 3.000000 5.000000
40.771387 -73.956478 0.000000 5.000000
40.793606 -73.949507 0.000000 5.000000
40.733153 -74.010284 0.000000 5.000000
40.740471 -73.998286 0.000000 5.000000
40.709806 -73.991910 0.000000 5.000000
40.760251 -73.969624 0.000000 5.000000
40.757106 -73.997300 0.000000 5.000000
40.770415 -73.987617 1.000000 5.000000
40.775640 -73.960511 0.000000 5.000000
40.865818 -73.926444 0.000000 5.000000
40.756382 -73.964324 0.000000 5.000000
40.732348 -73.984939 0.000000 5.000000
40.759200 -73.984619 0.000000 5.000000
40.848120 -73.930884 1.000000 5.000000
40.733780 -73.980645 0.000000 5.000000
40.831568 -73.942981 0.000000 5.000000
40.786548 -73.952553 0.000000 5.000000
40.739728 -73.985244 1.000000 5.000000
40.841077 -73.939767 1.000000 5.000000
40.774655 -73.954093 0.000000 5.000000
40.742812 -73.996579 0.000000 5.000000
40.731351 -73.982555 0.000000 5.000000
40.779544 -73.987994 0.000000 5.000000
40.758574 -73.985049 0.000000 5.000000
40.759376 -73.996943 0.000000 5.000000
40.744033 -74.003118 0.000000 5.000000
40.719048 -73.996479 0.000000 5.000000
40.805045 -73.936928 0.000000 5.000000
40.863690 -73.917064 0.000000 5.000000
40.828041 -73.942504 1.000000 5.000000
40.748290 -73.988177 0.000000 5.000000
40.764995 -73.976705 0.000000 5.000000
40.754131 -73.988334 1.000000 5.000000
40.757907 -73.989298 0.000000 5.000000
40.753420 -73.994294 0.000000 5.000000
40.764222 -73.980979 0.000000 5.000000
40.764056 -73.964756 0.000000 5.000000
40.802751 -73.933575 1.000000 5.000000
40.864463 -73.918943 0.000000 5.000000
40.743031 -73.989156 0.000000 5.000000
40.756527 -73.994019 1.000000 5.000000
40.769272 -73.981021 0.000000 5.000000
40.718556 -73.988200 1.000000 5.000000
40.740471 -73.998286 0.000000 5.000000
40.744498 -73.981108 1.000000 5.000000
40.760535 -73.958351 0.000000 5.000000
40.723365 -73.995703 0.000000 5.000000
40.761234 -73.963884 0.000000 5.000000
40.779762 -73.944358 0.000000 5.000000
40.756139 -73.983169 0.000000 5.000000
40.727877 -74.005426 0.000000 5.000000
40.795456 -73.965628 0.000000 5.000000
40.744187 -73.991869 0.000000 5.000000
40.751447 -74.001429 1.000000 5.000000
40.766779 -73.996762 2.000000 5.000000
40.838760 -73.939661 0.000000 5.000000
40.835932 -73.943512 0.000000 5.000000
40.762025 -74.001152 0.000000 5.000000
40.754491 -74.006739 0.000000 5.000000
40.777194 -73.952239 0.000000 5.000000
40.704799 -74.016685 0.000000 5.000000
40.742588 -73.980412 0.000000 5.000000
40.724221 -74.008644 1.000000 5.000000
40.858273 -73.931817 0.000000 5.000000
40.753606 -73.987089 0.000000 5.000000
40.759578 -73.968025 0.000000 5.000000
40.773601 -73.981572 0.000000 5.000000
40.841680 -73.939333 0.000000 5.000000
40.746536 -73.985950 0.000000 5.000000
40.754317 -73.986865 0.000000 5.000000
40.747925 -73.973607 0.000000 5.000000
40.733292 -73.987180 0.000000 5.000000
40.755910 -73.994467 0.000000 5.000000
40.760906 -73.966996 0.000000 5.000000
40.755292 -73.994922 1.000000 5.000000
40.738135 -74.004175 0.000000 5.000000
40.723308 -74.002980 0.000000 5.000000
40.801816 -73.939286 0.000000 5.000000
40.795588 -73.950159 0.000000 5.000000
40.844845 -73.935181 0.000000 5.000000
40.814144 -73.955705 0.000000 5.000000
40.834114 -73.941118 0.000000 5.000000
40.810686 -73.954512 0.000000 5.000000
40.762916 -73.985647 0.000000 5.000000
40.816362 -73.954089 1.000000 5.000000
40.755300 -73.975344 0.000000 5.000000
40.721620 -73.995465 1.000000 5.000000
40.782161 -73.957864 0.000000 5.000000
40.766166 -73.954246 0.000000 5.000000
40.791663 -73.964684 1.000000 5.000000
40.863113 -73.920612 0.000000 5.000000
40.760535 -73.958351 0.000000 5.000000
40.718018 -73.999957 0.000000 5.000000
40.735846 -74.005961 0.000000 5.000000
40.787901 -73.953672 0.000000 5.000000
40.768439 -73.989050 2.000000 5.000000
40.786485 -73.972173 0.000000 5.000000
40.829163 -73.937267 0.000000 5.000000
40.763115 -73.999650 0.000000 5.000000
40.748512 -73.988714 0.000000 5.000000
40.770415 -73.987617 0.000000 5.000000
40.753832 -74.007139 0.000000 5.000000
40.716925 -73.983215 0.000000 5.000000
40.791571 -73.946771 0.000000 5.000000
40.760223 -73.967462 0.000000 5.000000
40.743205 -73.979960 0.000000 5.000000
40.750318 -73.991111 1.000000 5.000000
40.784537 -73.973596 0.000000 5.000000
40.736035 -73.997806 1.000000 5.000000
40.729370 -73.983998 0.000000 5.000000
40.721473 -73.983824 0.000000 5.000000
40.758981 -73.962434 0.000000 5.000000
40.793474 -73.937257 0.000000 5.000000
40.816525 -73.944486 1.000000 5.000000
40.850417 -73.934543 0.000000 5.000000
40.736002 -74.010035 0.000000 5.000000
40.833488 -73.941577 0.000000 5.000000
40.737361 -73.996839 0.000000 5.000000
40.740471 -73.998286 0.000000 5.000000
40.861464 -73.924999 0.000000 5.000000
40.759912 -73.958810 0.000000 5.000000
40.729826 -74.010600 0.000000 5.000000
40.773978 -73.948551 1.000000 5.000000
40.759527 -73.999242 0.000000 5.000000
40.829432 -73.941953 0.000000 5.000000
40.737361 -73.996839 0.000000 5.000000
40.738831 -73.983148 0.000000 5.000000
40.725432 -73.996771 0.000000 5.000000
40.739268 -73.995446 0.000000 5.000000
40.733611 -73.999556 0.000000 5.000000
40.765868 -73.957413 0.000000 5.000000
40.757232 -73.989792 1.000000 5.000000
40.750903 -73.998120 0.000000 5.000000
40.786548 -73.952553 1.000000 5.000000
40.719972 -73.992897 0.000000 5.000000
40.742854 -73.977207 0.000000 5.000000
40.804376 -73.937420 0.000000 5.000000
40.764898 -73.972553 1.000000 5.000000
40.711392 -74.008599 0.000000 5.000000
40.794052 -73.970367 0.000000 5.000000
40.776730 -73.979279 0.000000 5.000000
40.804168 -73.966700 0.000000 5.000000
40.744621 -74.002692 0.000000 5.000000
40.719786 -73.998525 0.000000 5.000000
40.810174 -73.951167 0.000000 5.000000
40.814633 -73.944192 0.000000 5.000000
40.748356 -74.003688 0.000000 5.000000
40.759308 -73.965293 0.000000 5.000000
40.748891 -74.007023 0.000000 5.000000
40.751447 -74.001429 0.000000 5.000000
40.862659 -73.921856 0.000000 5.000000
40.759527 -73.999242 0.000000 5.000000
40.835932 -73.943512 1.000000 5.000000
40.852380 -73.931494 0.000000 5.000000
40.734295 -74.007163 0.000000 5.000000
40.745441 -73.975394 0.000000 5.000000
40.719204 -73.990364 0.000000 5.000000
40.760601 -73.964314 0.000000 5.000000
40.760601 -73.964314 0.000000 5.000000
40.744187 -73.991869 0.000000 5.000000
40.816501 -73.946545 0.000000 5.000000
40.768891 -73.982094 2.000000 5.000000
40.718556 -73.988200 0.000000 5.000000
40.759406 -73.985103 0.000000 5.000000
40.756527 -73.994019 0.000000 5.000000
40.767494 -73.959318 0.000000 5.000000
40.792548 -73.941036 1.000000 5.000000
40.774612 -73.948085 0.000000 5.000000
40.741469 -74.008733 0.000000 5.000000
40.759626 -73.995474 0.000000 5.000000
40.759626 -73.995474 0.000000 5.000000
40.724433 -73.993459 0.000000 5.000000
40.769796 -73.964782 0.000000 5.000000
40.711570 -74.015785 0.000000 5.000000
40.764323 -73.977196 0.000000 5.000000
40.750209 -74.002331 0.000000 5.000000
40.717724 -73.985765 0.000000 5.000000
40.731351 -73.982555 0.000000 5.000000
40.768803 -73.958360 1.000000 5.000000
40.767816 -73.989505 0.000000 5.000000
40.817899 -73.938090 0.000000 5.000000
40.851435 -73.935084 1.000000 5.000000
40.745727 -73.978123 0.000000 5.000000
40.769117 -73.988559 0.000000 5.000000
40.810686 -73.954512 0.000000 5.000000
40.713692 -74.013754 0.000000 5.000000
40.725287 -73.977978 0.000000 5.000000
40.792129 -73.971773 0.000000 5.000000
40.755924 -73.974889 0.000000 5.000000
40.737229 -74.000646 0.000000 5.000000
40.762106 -73.960137 0.000000 5.000000
40.815691 -73.958295 0.000000 5.000000
40.718556 -73.988200 0.000000 5.000000
40.788688 -73.943859 1.000000 5.000000
40.761771 -73.979056 0.000000 5.000000
40.772878 -73.993411 1.000000 5.000000
40.726175 -74.010964 1.000000 5.000000
40.744760 -73.995153 1.000000 5.000000
40.779540 -73.959773 0.000000 5.000000
40.780230 -73.961368 2.000000 5.000000
40.762236 -73.989864 1.000000 5.000000
40.757075 -73.969849 0.000000 5.000000
40.763655 -73.999047 0.000000 5.000000
40.762179 -73.966129 0.000000 5.000000
40.718018 -73.999957 0.000000 5.000000
40.744801 -73.991418 0.000000 5.000000
40.732222 -74.003554 0.000000 5.000000
40.743783 -73.973508 0.000000 5.000000
40.794052 -73.970367 0.000000 5.000000
40.715237 -74.013379 2.000000 5.000000
40.732848 -73.995915 0.000000 5.000000
40.720321 -73.994040 1.000000 5.000000
40.724136 -73.992604 0.000000 5.000000
40.766779 -73.996762 0.000000 5.000000
40.756764 -73.967153 0.000000 5.000000
40.834681 -73.944424 0.000000 5.000000
40.789596 -73.949864 0.000000 5.000000
40.865797 -73.919997 0.000000 5.000000
40.762025 -74.001152 0.000000 5.000000
40.740471 -73.998286 0.000000 5.000000
40.760457 -73.983731 1.000000 5.000000
40.863113 -73.920612 0.000000 5.000000
40.865797 -73.919997 0.000000 5.000000
40.731289 -73.990392 0.000000 5.000000
40.864525 -73.926619 0.000000 5.000000
40.731289 -73.990392 0.000000 5.000000
40.742089 -73.984977 0.000000 5.000000
40.749102 -73.992006 0.000000 5.000000
40.753242 -73.966617 0.000000 5.000000
40.728176 -73.984857 2.000000 5.000000
40.787064 -73.941936 0.000000 5.000000
40.775372 -73.987710 0.000000 5.000000
40.719070 -73.993359 1.000000 5.000000
40.809525 -73.937881 0.000000 5.000000
40.760525 -73.979973 0.000000 5.000000
40.759200 -73.984619 0.000000 5.000000
40.707683 -74.015679 0.000000 5.000000
40.729168 -74.001191 0.000000 5.000000
40.867583 -73.918415 0.000000 5.000000
40.773053 -73.962401 0.000000 5.000000
40.728596 -73.987672 0.000000 5.000000
40.803754 -73.939982 0.000000 5.000000
40.715856 -73.994953 0.000000 5.000000
40.773530 -73.985331 0.000000 5.000000
40.729186 -73.987249 0.000000 5.000000
40.757021 -74.004927 1.000000 5.000000
40.746078 -73.974936 0.000000 5.000000
40.817599 -73.953185 0.000000 5.000000
40.731982 -73.981966 0.000000 5.000000
40.742910 -73.992804 1.000000 5.000000
40.817220 -73.952271 0.000000 5.000000
40.866336 -73.925004 1.000000 5.000000
40.847871 -73.936403 0.000000 5.000000
40.722550 -74.006299 0.000000 5.000000
40.738755 -74.005496 0.000000 5.000000
40.719838 -74.005188 0.000000 5.000000
40.785171 -73.973134 0.000000 5.000000
40.841679 -73.937494 0.000000 5.000000
40.849895 -73.933311 1.000000 5.000000
40.748974 -74.003237 0.000000 5.000000
40.820006 -73.958874 2.000000 5.000000
40.804168 -73.966700 0.000000 5.000000
40.729856 -74.003954 0.000000 5.000000
40.792873 -73.943722 1.000000 5.000000
40.713692 -74.013754 2.000000 5.000000
40.760116 -73.984836 0.000000 5.000000
40.758429 -73.992633 0.000000 5.000000
40.800980 -73.931774 0.000000 5.000000
40.762582 -74.000386 0.000000 5.000000
40.760229 -73.961521 0.000000 5.000000
40.731707 -74.000956 0.000000 5.000000
40.816026 -73.939458 1.000000 5.000000
40.801768 -73.937228 0.000000 5.000000
40.741055 -73.997860 0.000000 5.000000
40.794052 -73.970367 0.000000 5.000000
40.775245 -73.947622 0.000000 5.000000
40.768119 -73.958862 1.000000 5.000000
40.763430 -73.992701 0.000000 5.000000
40.790941 -73.974507 0.000000 5.000000
40.815600 -73.939754 0.000000 5.000000
40.750453 -73.987292 0.000000 5.000000
40.752723 -73.996788 0.000000 5.000000
40.735390 -73.975110 6.000000 5.000000
40.849294 -73.938968 1.000000 5.000000
40.759912 -73.958810 0.000000 5.000000
40.731707 -74.000956 0.000000 5.000000
40.713179 -73.992501 0.000000 5.000000
40.720321 -73.994040 0.000000 5.000000
40.726640 -73.994130 0.000000 5.000000
40.763658 -73.973464 0.000000 5.000000
40.742285 -74.004417 0.000000 5.000000
40.766714 -73.982878 0.000000 5.000000
40.758329 -73.968936 2.000000 5.000000
40.762236 -73.989864 0.000000 5.000000
40.861141 -73.918929 0.000000 5.000000
40.718303 -73.987396 0.000000 5.000000
40.757021 -74.004927 0.000000 5.000000
40.752999 -73.969887 0.000000 5.000000
40.783026 -73.982126 1.000000 5.000000
40.721062 -73.998196 0.000000 5.000000
40.741472 -73.985428 1.000000 5.000000
40.736531 -73.990752 2.000000 5.000000
40.769792 -73.988065 0.000000 5.000000
40.717175 -74.012867 0.000000 5.000000
40.755406 -73.979484 0.000000 5.000000
40.768891 -73.982094 3.000000 5.000000
40.756382 -73.964324 1.000000 5.000000
40.768430 -73.961548 0.000000 5.000000
40.742588 -73.980412 0.000000 5.000000
40.722929 -74.002172 0.000000 5.000000
40.757145 -73.993561 0.000000 5.000000
40.800664 -73.946461 0.000000 5.000000
40.739751 -74.002522 1.000000 5.000000
40.729799 -73.974801 0.000000 5.000000
40.741970 -73.980859 0.000000 5.000000
40.710906 -74.014457 0.000000 5.000000
40.834681 -73.944424 0.000000 5.000000
40.764732 -73.966359 1.000000 5.000000
40.742375 -74.008791 0.000000 5.000000
40.754707 -73.991633 1.000000 5.000000
40.754131 -73.988334 0.000000 5.000000
40.735214 -73.991715 0.000000 5.000000
40.744187 -73.991869 0.000000 5.000000
40.778946 -73.962304 1.000000 5.000000
40.839232 -73.945544 0.000000 5.000000
40.765310 -73.963842 0.000000 5.000000
40.754707 -73.991633 0.000000 5.000000
40.776868 -73.955409 0.000000 5.000000
40.780651 -73.976418 0.000000 5.000000
40.720321 -73.994040 0.000000 5.000000
40.788312 -73.976502 0.000000 5.000000
40.772655 -73.955552 0.000000 5.000000
40.763143 -73.966446 1.000000 5.000000
40.837178 -73.942597 3.000000 5.000000
40.759527 -73.999242 0.000000 5.000000
40.742812 -73.996579 0.000000 5.000000
40.758429 -73.992633 0.000000 5.000000
40.867692 -73.921214 0.000000 5.000000
40.725932 -73.994650 1.000000 5.000000
40.746403 -73.979725 0.000000 5.000000
40.851323 -73.940286 0.000000 5.000000
40.756770 -73.982710 0.000000 5.000000
40.821263 -73.946079 1.000000 5.000000
40.758981 -73.995943 0.000000 5.000000
40.863020 -73.917557 0.000000 5.000000
40.863572 -73.926012 0.000000 5.000000
40.768439 -73.989050 0.000000 5.000000
40.732619 -73.981501 0.000000 5.000000
40.773601 -73.981572 0.000000 5.000000
40.753261 -74.003822 0.000000 5.000000
40.725083 -73.995328 0.000000 5.000000
40.793557 -73.967016 0.000000 5.000000
40.773734 -73.964011 0.000000 5.000000
40.759527 -73.999242 0.000000 5.000000
40.755824 -73.970760 0.000000 5.000000
40.760906 -73.966996 0.000000 5.000000
40.768024 -73.970281 1.000000 5.000000
40.768439 -73.989050 0.000000 5.000000
40.774227 -73.981114 2.000000 5.000000
40.760927 -73.994528 1.000000 5.000000
40.747629 -73.976736 0.000000 5.000000
40.864463 -73.918943 0.000000 5.000000
40.711780 -73.999701 0.000000 5.000000
40.754619 -73.973734 0.000000 5.000000
40.740879 -73.990069 0.000000 5.000000
40.752693 -73.973046 0.000000 5.000000
40.718795 -73.989012 0.000000 5.000000
40.783976 -73.970299 0.000000 5.000000
40.753944 -73.972136 0.000000 5.000000
40.739498 -73.982664 0.000000 5.000000
40.807418 -73.958408 0.000000 5.000000
40.761234 -73.963884 0.000000 5.000000
40.851323 -73.940286 0.000000 5.000000
40.758377 -73.994376 0.000000 5.000000
40.755910 -73.994467 0.000000 5.000000
40.799286 -73.945360 0.000000 5.000000
40.843502 -73.937983 0.000000 5.000000
40.762106 -73.960137 0.000000 5.000000
40.762852 -73.967728 0.000000 5.000000
40.759271 -73.980887 0.000000 5.000000
40.725472 -73.983960 1.000000 5.000000
40.741667 -74.001130 0.000000 5.000000
40.733292 -73.987180 0.000000 5.000000
40.803478 -73.947152 0.000000 5.000000
40.728176 -73.984857 0.000000 5.000000
40.759912 -73.958810 0.000000 5.000000
40.779807 -73.984477 1.000000 5.000000
40.757907 -73.989298 0.000000 5.000000
40.724221 -74.008644 0.000000 5.000000
40.735790 -73.985361 0.000000 5.000000
40.760601 -73.964314 0.000000 5.000000
40.757973 -73.985536 0.000000 5.000000
40.736748 -73.983975 0.000000 5.000000
40.810764 -73.952590 1.000000 5.000000
40.760223 -73.967462 0.000000 5.000000
40.774959 -73.958894 0.000000 5.000000
40.763114 -73.962515 0.000000 5.000000
40.731127 -74.004225 0.000000 5.000000
40.743424 -73.999848 0.000000 5.000000
40.750991 -73.990623 1.000000 5.000000
40.749102 -73.984077 0.000000 5.000000
40.731964 -73.988154 1.000000 5.000000
40.796721 -73.962886 0.000000 5.000000
40.753318 -73.972587 0.000000 5.000000
40.762106 -73.960137 0.000000 5.000000
40.810686 -73.954512 1.000000 5.000000
40.737361 -73.996839 1.000000 5.000000
40.749553 -74.006529 2.000000 5.000000
40.817924 -73.949731 0.000000 5.000000
40.781388 -73.952124 0.000000 5.000000
40.864525 -73.926619 0.000000 5.000000
40.707683 -74.015679 2.000000 5.000000
40.751081 -73.986852 0.000000 5.000000
40.758981 -73.962434 0.000000 5.000000
40.799892 -73.938584 0.000000 5.000000
40.801535 -73.933081 0.000000 5.000000
40.775562 -73.950337 1.000000 5.000000
40.720892 -73.995750 0.000000 5.000000
40.745727 -73.978123 1.000000 5.000000
40.738839 -73.985234 1.000000 5.000000
40.760601 -73.964314 0.000000 5.000000
40.774735 -73.988176 0.000000 5.000000
40.761857 -73.963426 0.000000 5.000000
40.761771 -73.979056 0.000000 5.000000
40.781840 -73.979284 0.000000 5.000000
40.854168 -73.933704 0.000000 5.000000
40.725797 -73.997612 0.000000 5.000000
40.722282 -73.980169 0.000000 5.000000
40.841052 -73.944679 0.000000 5.000000
40.730442 -73.980339 0.000000 5.000000
40.761610 -73.970750 0.000000 5.000000
40.760301 -73.994983 0.000000 5.000000
40.750904 -73.980673 1.000000 5.000000
40.778552 -73.951248 0.000000 5.000000
40.783147 -73.978327 0.000000 5.000000
40.763645 -73.977687 0.000000 5.000000
40.764791 -73.984282 1.000000 5.000000
40.756770 -73.982710 1.000000 5.000000
40.757626 -73.978942 0.000000 5.000000
40.829600 -73.948139 0.000000 5.000000
40.796562 -73.972255 0.000000 5.000000
40.747277 -73.989617 0.000000 5.000000
40.754841 -73.984118 0.000000 5.000000
40.729826 -74.010600 0.000000 5.000000
40.752411 -73.978348 0.000000 5.000000
40.717620 -74.000274 0.000000 5.000000
40.715081 -73.992490 1.000000 5.000000
40.741667 -74.001130 0.000000 5.000000
40.734339 -74.002392 0.000000 5.000000
40.854321 -73.928253 0.000000 5.000000
40.763114 -73.962515 0.000000 5.000000
40.760457 -73.983731 1.000000 5.000000
40.762740 -73.959696 0.000000 5.000000
40.719204 -73.990364 0.000000 5.000000
40.805736 -73.940645 1.000000 5.000000
40.869551 -73.915184 0.000000 5.000000
40.755979 -73.976961 0.000000 5.000000
40.751522 -73.980221 0.000000 5.000000
40.737143 -73.988594 0.000000 5.000000
40.719396 -74.001883 1.000000 5.000000
40.787064 -73.941936 1.000000 5.000000
40.723308 -74.002980 1.000000 5.000000
40.731064 -74.001411 0.000000 5.000000
40.723308 -74.002980 0.000000 5.000000
40.753386 -73.980643 0.000000 5.000000
40.742375 -74.008791 0.000000 5.000000
40.762852 -73.967728 0.000000 5.000000
40.771387 -73.956478 0.000000 5.000000
40.741667 -74.001130 0.000000 5.000000
40.774809 -73.984414 1.000000 5.000000
40.710094 -73.989789 0.000000 5.000000
40.761180 -73.957903 1.000000 5.000000
40.753318 -73.972587 0.000000 5.000000
40.718834 -74.001111 0.000000 5.000000
40.757859 -73.975592 0.000000 5.000000
40.807598 -73.937179 0.000000 5.000000
40.750318 -73.991111 0.000000 5.000000
40.789624 -73.940067 0.000000 5.000000
40.755505 -73.968067 0.000000 5.000000
40.808973 -73.948325 2.000000 5.000000
40.753368 -73.974648 0.000000 5.000000
40.761180 -73.957903 0.000000 5.000000
40.806707 -73.964849 0.000000 5.000000
40.747629 -73.976736 0.000000 5.000000
40.742839 -74.000274 0.000000 5.000000
40.849457 -73.936507 3.000000 5.000000
40.764787 -73.968431 0.000000 5.000000
40.798622 -73.941619 0.000000 5.000000
40.740471 -73.998286 0.000000 5.000000
40.753475 -73.992529 0.000000 5.000000
40.757911 -73.977653 0.000000 5.000000
40.727594 -73.985294 0.000000 5.000000
40.735390 -73.975110 2.000000 5.000000
40.741023 -73.978615 0.000000 5.000000
40.760857 -73.961069 0.000000 5.000000
40.783026 -73.982126 0.000000 5.000000
40.772290 -73.955805 0.000000 5.000000
40.753242 -73.966617 1.000000 5.000000
40.766045 -73.983365 0.000000 5.000000
40.755292 -73.994922 0.000000 5.000000
40.762913 -73.969800 0.000000 5.000000
40.732502 -73.987743 0.000000 5.000000
40.805838 -73.946901 0.000000 5.000000
40.744099 -73.995644 1.000000 5.000000
40.760535 -73.958351 0.000000 5.000000
40.734261 -73.983550 3.000000 5.000000
40.733241 -74.000704 1.000000 5.000000
40.783248 -73.944723 0.000000 5.000000
40.729776 -73.986809 0.000000 5.000000
40.754250 -73.968977 0.000000 5.000000
40.795406 -73.941875 0.000000 5.000000
40.721309 -73.994704 0.000000 5.000000
40.754841 -73.984118 0.000000 5.000000
40.719204 -73.990364 0.000000 5.000000
40.762807 -73.993156 0.000000 5.000000
40.785294 -73.969335 0.000000 5.000000
40.716871 -74.004026 0.000000 5.000000
40.836380 -73.944575 0.000000 5.000000
40.756527 -73.994019 0.000000 5.000000
40.783570 -73.947583 0.000000 5.000000
40.758981 -73.962434 0.000000 5.000000
40.785294 -73.969335 0.000000 5.000000
40.723650 -73.991024 0.000000 5.000000
40.747751 -73.980850 0.000000 5.000000
40.726931 -73.996659 0.000000 5.000000
40.766286 -73.981849 0.000000 5.000000
40.717549 -73.999311 0.000000 5.000000
40.770390 -73.954114 0.000000 5.000000
40.746078 -73.974936 0.000000 5.000000
40.764033 -73.982470 0.000000 5.000000
40.783242 -73.974539 0.000000 5.000000
40.726527 -73.995844 0.000000 5.000000
40.773336 -73.955054 0.000000 5.000000
40.757286 -73.978115 0.000000 5.000000
40.768595 -73.985216 2.000000 5.000000
40.834681 -73.944424 0.000000 5.000000
40.802562 -73.942992 1.000000 5.000000
40.755714 -73.988230 0.000000 5.000000
40.724952 -73.994909 0.000000 5.000000
40.728596 -73.987672 0.000000 5.000000
40.735796 -74.001552 1.000000 5.000000
40.793488 -73.943274 0.000000 5.000000
40.860641 -73.930770 0.000000 5.000000
40.723650 -73.991024 0.000000 5.000000
40.744532 -73.988870 0.000000 5.000000
40.786425 -73.942381 0.000000 5.000000
40.842154 -73.942278 1.000000 5.000000
40.751658 -73.990132 0.000000 5.000000
40.719778 -74.006807 0.000000 5.000000
40.734261 -73.983550 0.000000 5.000000
40.740942 -74.007481 0.000000 5.000000
40.778806 -73.974068 0.000000 5.000000
40.753482 -73.980889 0.000000 5.000000
40.757232 -73.989792 1.000000 5.000000
40.749725 -73.983622 0.000000 5.000000
40.815113 -73.955000 0.000000 5.000000
40.754177 -73.984595 0.000000 5.000000
40.833862 -73.948291 0.000000 5.000000
40.720376 -74.003261 0.000000 5.000000
40.848089 -73.934618 0.000000 5.000000
40.864809 -73.919362 0.000000 5.000000
40.760857 -73.961069 0.000000 5.000000
40.748469 -73.992461 1.000000 5.000000
40.751438 -73.997679 1.000000 5.000000
40.734261 -73.983550 0.000000 5.000000
40.718776 -73.995700 0.000000 5.000000
40.710558 -73.994142 1.000000 5.000000
40.715235 -74.013351 0.000000 5.000000
40.716814 -73.997763 0.000000 5.000000
40.780125 -73.953034 0.000000 5.000000
40.815206 -73.947490 0.000000 5.000000
40.765546 -73.954702 0.000000 5.000000
40.863572 -73.926012 0.000000 5.000000
40.818612 -73.960952 0.000000 5.000000
40.832686 -73.939677 0.000000 5.000000
40.757388 -73.982255 0.000000 5.000000
40.751441 -73.973959 2.000000 5.000000
40.714502 -73.998795 0.000000 5.000000
40.749706 -73.991562 0.000000 5.000000
40.817797 -73.960851 0.000000 5.000000
40.736562 -74.001093 0.000000 5.000000
40.727156 -74.005545 1.000000 5.000000
40.732348 -73.984939 0.000000 5.000000
40.758633 -73.965784 0.000000 5.000000
40.818736 -73.961082 0.000000 5.000000
40.761234 -73.963884 0.000000 5.000000
40.750318 -73.991111 1.000000 5.000000
40.768169 -73.952787 0.000000 5.000000
40.808855 -73.936260 0.000000 5.000000
40.867793 -73.929988 0.000000 5.000000
40.758429 -73.992633 0.000000 5.000000
40.765518 -73.972098 0.000000 5.000000
40.770314 -73.991400 0.000000 5.000000
40.784669 -73.956032 0.000000 5.000000
40.715759 -74.004975 0.000000 5.000000
40.753242 -73.966617 0.000000 5.000000
40.757339 -73.986013 0.000000 5.000000
40.761234 -73.963884 0.000000 5.000000
40.769296 -73.994939 0.000000 5.000000
40.761180 -73.957903 0.000000 5.000000
40.743324 -73.984074 3.000000 5.000000
40.763114 -73.962515 0.000000 5.000000
40.870416 -73.915147 0.000000 5.000000
40.796073 -73.943485 0.000000 5.000000
40.756035 -73.986948 1.000000 5.000000
40.777973 -73.982156 0.000000 5.000000
40.856808 -73.928265 0.000000 5.000000
40.762065 -73.983630 0.000000 5.000000
40.755207 -73.996654 0.000000 5.000000
40.756382 -73.964324 1.000000 5.000000
40.761719 -73.982807 1.000000 5.000000
40.763114 -73.962515 0.000000 5.000000
40.755330 -73.991179 1.000000 5.000000
40.742839 -74.000274 0.000000 5.000000
40.824813 -73.936787 0.000000 5.000000
40.764278 -73.973016 0.000000 5.000000
40.720746 -73.986158 1.000000 5.000000
40.832696 -73.949713 0.000000 5.000000
40.722723 -73.994152 0.000000 5.000000
40.747684 -73.978786 0.000000 5.000000
40.717099 -73.998589 4.000000 5.000000
40.720041 -74.003918 0.000000 5.000000
40.784237 -73.947070 0.000000 5.000000
40.764323 -73.977196 0.000000 5.000000
40.748512 -73.988714 1.000000 5.000000
40.738552 -73.999682 5.000000 5.000000
40.739751 -74.002522 0.000000 5.000000
40.766504 -73.994173 0.000000 5.000000
40.710366 -74.011232 0.000000 5.000000
40.750307 -74.008366 3.000000 5.000000
40.750099 -73.974934 1.000000 5.000000
40.721449 -73.997399 0.000000 5.000000
40.759786 -73.976288 0.000000 5.000000
40.721517 -73.985750 0.000000 5.000000
40.725673 -74.005780 2.000000 5.000000
40.713256 -74.009256 1.000000 5.000000
40.762025 -74.001152 2.000000 5.000000
40.760229 -73.961521 0.000000 5.000000
40.861141 -73.918929 0.000000 5.000000
40.823509 -73.941427 0.000000 5.000000
40.860910 -73.921525 0.000000 5.000000
40.800664 -73.946461 0.000000 5.000000
40.814105 -73.940854 0.000000 5.000000
40.760405 -73.987474 0.000000 5.000000
40.798593 -73.933518 0.000000 5.000000
40.748438 -73.996196 0.000000 5.000000
40.759308 -73.965293 0.000000 5.000000
40.762106 -73.960137 0.000000 5.000000
40.713637 -73.987061 1.000000 5.000000
40.747773 -73.985044 0.000000 5.000000
40.793664 -73.943657 0.000000 5.000000
40.736669 -73.997341 0.000000 5.000000
40.719750 -73.992161 0.000000 5.000000
40.766240 -73.960232 1.000000 5.000000
40.712309 -73.994362 0.000000 5.000000
40.749540 -73.977436 0.000000 5.000000
40.804376 -73.937420 0.000000 5.000000
40.743449 -74.003540 0.000000 5.000000
40.745441 -73.975394 0.000000 5.000000
40.766504 -73.994173 0.000000 5.000000
40.818481 -73.955294 0.000000 5.000000
40.716542 -73.996984 0.000000 5.000000
40.748290 -73.988177 0.000000 5.000000
40.763485 -73.988946 0.000000 5.000000
40.763485 -73.988946 0.000000 5.000000
40.736035 -73.997806 0.000000 5.000000
40.813390 -73.956259 1.000000 5.000000
40.762852 -73.967728 1.000000 5.000000
40.774283 -73.957295 0.000000 5.000000
40.756654 -73.978567 1.000000 5.000000
40.740471 -73.998286 0.000000 5.000000
40.717175 -74.012867 0.000000 5.000000
40.755292 -73.994922 0.000000 5.000000
40.729551 -73.989901 0.000000 5.000000
40.717931 -74.000988 0.000000 5.000000
40.848393 -73.937672 0.000000 5.000000
40.775640 -73.960511 0.000000 5.000000
40.801172 -73.961457 0.000000 5.000000
40.742285 -74.004417 0.000000 5.000000
40.788358 -73.974523 0.000000 5.000000
40.758007 -73.966240 1.000000 5.000000
40.808447 -73.944995 0.000000 5.000000
40.766494 -73.956957 0.000000 5.000000
40.715743 -74.001685 0.000000 5.000000
40.801816 -73.939286 0.000000 5.000000
40.720626 -73.994971 1.000000 5.000000
40.854828 -73.931314 4.000000 5.000000
40.729186 -73.987249 1.000000 5.000000
40.763114 -73.962515 0.000000 5.000000
40.710769 -73.996620 0.000000 5.000000
40.793187 -73.940562 0.000000 5.000000
40.745441 -73.975394 0.000000 5.000000
40.806081 -73.965308 0.000000 5.000000
40.741055 -73.997860 1.000000 5.000000
40.808973 -73.948325 1.000000 5.000000
40.720477 -73.989718 0.000000 5.000000
40.756770 -73.982710 0.000000 5.000000
40.751658 -73.990132 0.000000 5.000000
40.755756 -73.964786 0.000000 5.000000
40.729370 -73.983998 0.000000 5.000000
40.713468 -73.998582 0.000000 5.000000
40.861936 -73.920772 0.000000 5.000000
40.742910 -73.992804 0.000000 5.000000
40.771390 -73.950430 0.000000 5.000000
40.722401 -73.991648 0.000000 5.000000
40.747078 -73.981341 0.000000 5.000000
40.797946 -73.940023 1.000000 5.000000
40.745727 -73.978123 0.000000 5.000000
40.769112 -73.963162 0.000000 5.000000
40.722550 -74.006299 2.000000 5.000000
40.811477 -73.950216 1.000000 5.000000
40.735553 -73.979349 0.000000 5.000000
40.744099 -73.995644 0.000000 5.000000
40.718556 -73.988200 0.000000 5.000000
40.760906 -73.966996 0.000000 5.000000
40.777310 -73.988897 0.000000 5.000000
40.725989 -74.009095 0.000000 5.000000
40.719838 -74.005188 0.000000 5.000000
40.871195 -73.914090 0.000000 5.000000
40.761180 -73.957903 0.000000 5.000000
40.815120 -73.958703 0.000000 5.000000
40.780754 -73.952575 0.000000 5.000000
40.717099 -73.998589 0.000000 5.000000
40.736005 -73.993617 0.000000 5.000000
40.735961 -74.005128 0.000000 5.000000
40.804707 -73.960075 0.000000 5.000000
40.731964 -73.988154 0.000000 5.000000
40.745826 -74.001812 0.000000 5.000000
40.796301 -73.938284 0.000000 5.000000
40.721062 -73.998196 0.000000 5.000000
40.759271 -73.980887 0.000000 5.000000
40.799931 -73.940664 0.000000 5.000000
40.824563 -73.948100 1.000000 5.000000
40.799441 -73.955303 1.000000 5.000000
40.725083 -73.995328 0.000000 5.000000
40.795957 -73.970829 0.000000 5.000000
40.783937 -73.952342 0.000000 5.000000
40.785866 -73.950929 1.000000 5.000000
40.737866 -74.000184 0.000000 5.000000
40.844139 -73.937517 0.000000 5.000000
40.822310 -73.938585 2.000000 5.000000
40.792715 -73.939468 0.000000 5.000000
40.760857 -73.961069 1.000000 5.000000
40.804376 -73.937420 0.000000 5.000000
40.725210 -73.995847 0.000000 5.000000
40.721449 -73.997399 0.000000 5.000000
40.810276 -73.947371 2.000000 5.000000
40.761556 -73.994069 0.000000 5.000000
40.770473 -73.991761 0.000000 5.000000
40.863113 -73.920612 0.000000 5.000000
40.709704 -74.010060 0.000000 5.000000
40.814268 -73.937201 0.000000 5.000000
40.803991 -73.960318 1.000000 5.000000
40.711593 -73.994265 0.000000 5.000000
40.735925 -74.000722 0.000000 5.000000
40.716925 -73.983215 0.000000 5.000000
40.741642 -73.997434 0.000000 5.000000
40.720321 -73.994040 0.000000 5.000000
40.727095 -73.991554 0.000000 5.000000
40.734434 -73.989904 0.000000 5.000000
40.747277 -73.989617 0.000000 5.000000
40.812611 -73.956826 0.000000 5.000000
40.730122 -73.989468 0.000000 5.000000
40.736602 -73.981842 0.000000 5.000000
40.744628 -73.985243 0.000000 5.000000
40.751751 -74.007926 0.000000 5.000000
40.721633 -73.993528 1.000000 5.000000
40.719025 -73.989769 0.000000 5.000000
40.718145 -73.993828 0.000000 5.000000
40.802699 -73.949186 0.000000 5.000000
40.724881 -73.978263 0.000000 5.000000
40.767110 -73.981718 0.000000 5.000000
40.767744 -73.982112 0.000000 5.000000
40.809100 -73.948607 2.000000 5.000000
40.736035 -73.997806 1.000000 5.000000
40.740395 -73.979077 3.000000 5.000000
40.856180 -73.928714 0.000000 5.000000
40.798622 -73.941619 0.000000 5.000000
40.759308 -73.965293 0.000000 5.000000
40.750766 -73.974443 0.000000 5.000000
40.754057 -73.995817 0.000000 5.000000
40.736035 -73.997806 1.000000 5.000000
40.716967 -73.994427 1.000000 5.000000
40.816319 -73.957832 0.000000 5.000000
40.766852 -73.953748 0.000000 5.000000
40.719972 -73.992897 0.000000 5.000000
40.715856 -73.994953 0.000000 5.000000
40.734434 -73.989904 1.000000 5.000000
40.754688 -73.995355 0.000000 5.000000
40.725432 -73.996771 0.000000 5.000000
40.726186 -73.989429 0.000000 5.000000
40.813390 -73.956259 0.000000 5.000000
40.760906 -73.966996 0.000000 5.000000
40.755950 -73.990727 1.000000 5.000000
40.727866 -73.993145 7.000000 5.000000
40.832066 -73.940076 0.000000 5.000000
40.863572 -73.926012 1.000000 5.000000
40.709155 -74.010543 0.000000 5.000000
40.729826 -74.010600 0.000000 5.000000
40.706237 -74.014337 0.000000 5.000000
40.760353 -73.991232 0.000000 5.000000
40.764372 -73.998505 1.000000 5.000000
40.709306 -74.011935 1.000000 5.000000
40.835932 -73.943512 0.000000 5.000000
40.722316 -73.986251 0.000000 5.000000
40.744562 -73.971371 0.000000 5.000000
40.834061 -73.944880 0.000000 5.000000
40.713135 -74.004058 1.000000 5.000000
40.751701 -73.986400 0.000000 5.000000
40.753944 -73.972136 0.000000 5.000000
40.742258 -73.977673 0.000000 5.000000
40.761391 -74.001736 1.000000 5.000000
40.739751 -74.002522 0.000000 5.000000
40.757021 -74.004927 0.000000 5.000000
40.750294 -73.994843 0.000000 5.000000
40.724276 -74.011354 2.000000 5.000000
40.750342 -73.983174 0.000000 5.000000
40.749747 -73.969947 0.000000 5.000000
40.771087 -73.983422 0.000000 5.000000
40.760990 -73.973309 0.000000 5.000000
40.759578 -73.968025 0.000000 5.000000
40.724273 -73.990818 1.000000 5.000000
40.777505 -73.954946 0.000000 5.000000
40.723010 -73.985753 0.000000 5.000000
40.743212 -74.008614 0.000000 5.000000
40.761234 -73.963884 0.000000 5.000000
40.726186 -73.989429 1.000000 5.000000
40.758978 -73.993936 0.000000 5.000000
40.760223 -73.967462 0.000000 5.000000
40.782633 -73.951198 1.000000 5.000000
40.832766 -73.945824 0.000000 5.000000
40.718145 -73.993828 0.000000 5.000000
40.823260 -73.942923 0.000000 5.000000
40.746402 -74.005107 0.000000 5.000000
40.865101 -73.921882 0.000000 5.000000
40.773601 -73.981572 3.000000 5.000000
40.751523 -73.993947 0.000000 5.000000
40.715584 -74.003030 0.000000 5.000000
40.742831 -74.007698 0.000000 5.000000
40.750307 -74.008366 1.000000 5.000000
40.739523 -73.986850 1.000000 5.000000
40.762396 -73.978601 2.000000 5.000000
40.728605 -74.005315 0.000000 5.000000
40.777410 -73.978798 0.000000 5.000000
40.740360 -73.973177 0.000000 5.000000
40.779944 -73.971027 0.000000 5.000000
40.730320 -74.004687 0.000000 5.000000
40.762342 -73.982352 0.000000 5.000000
40.720321 -73.994040 1.000000 5.000000
40.738044 -73.996337 1.000000 5.000000
40.721449 -73.997399 0.000000 5.000000
40.757828 -73.993070 0.000000 5.000000
40.759164 -73.988391 0.000000 5.000000
40.857840 -73.932041 0.000000 5.000000
40.719972 -73.992897 4.000000 5.000000
40.719025 -73.989769 0.000000 5.000000
40.743263 -73.982010 0.000000 5.000000
40.753387 -73.996304 0.000000 5.000000
40.742375 -74.008791 1.000000 5.000000
40.747153 -73.985495 0.000000 5.000000
40.761771 -73.979056 0.000000 5.000000
40.729552 -73.996572 0.000000 5.000000
40.768738 -73.987639 0.000000 5.000000
40.721062 -73.998196 0.000000 5.000000
40.789055 -73.948604 0.000000 5.000000
40.761601 -73.968642 0.000000 5.000000
40.769005 -73.992350 0.000000 5.000000
40.762106 -73.960137 0.000000 5.000000
40.723626 -74.004788 0.000000 5.000000
40.728106 -73.978998 0.000000 5.000000
40.798593 -73.933518 1.000000 5.000000
40.719082 -73.985072 0.000000 5.000000
40.757021 -74.004927 1.000000 5.000000
40.774178 -73.961148 0.000000 5.000000
40.774323 -73.961476 0.000000 5.000000
40.859544 -73.927976 0.000000 5.000000
40.760776 -74.002184 0.000000 5.000000
40.747629 -73.976736 0.000000 5.000000
40.863793 -73.919414 0.000000 5.000000
40.801801 -73.961077 2.000000 5.000000
40.728067 -73.998954 0.000000 5.000000
40.826530 -73.946660 0.000000 5.000000
40.754841 -73.984118 1.000000 5.000000
40.740443 -73.994594 0.000000 5.000000
40.711502 -74.005649 0.000000 5.000000
40.760229 -73.961521 0.000000 5.000000
40.757145 -73.993561 0.000000 5.000000
40.760601 -73.964314 0.000000 5.000000
40.717931 -74.000988 1.000000 5.000000
40.733965 -73.988778 0.000000 5.000000
40.759620 -73.961965 0.000000 5.000000
40.732348 -73.984939 0.000000 5.000000
40.721062 -73.998196 0.000000 5.000000
40.762488 -73.962974 0.000000 5.000000
40.767119 -73.956495 0.000000 5.000000
40.787226 -73.954163 0.000000 5.000000
40.818736 -73.961082 0.000000 5.000000
40.744091 -73.976348 1.000000 5.000000
40.767235 -73.964531 0.000000 5.000000
40.769742 -73.982118 0.000000 5.000000
40.845049 -73.935683 0.000000 5.000000
40.801353 -73.967875 2.000000 5.000000
40.734070 -73.999654 0.000000 5.000000
40.769005 -73.992350 0.000000 5.000000
40.845440 -73.938679 1.000000 5.000000
40.753482 -73.980889 1.000000 5.000000
40.725915 -74.008349 0.000000 5.000000
40.738552 -73.999682 0.000000 5.000000
40.763645 -73.977687 0.000000 5.000000
40.822644 -73.953218 0.000000 5.000000
40.710177 -74.001136 0.000000 5.000000
40.736562 -73.989016 1.000000 5.000000
40.721172 -73.996576 0.000000 5.000000
40.766616 -73.986661 0.000000 5.000000
40.744801 -73.991418 1.000000 5.000000
40.755117 -74.002472 0.000000 5.000000
40.715954 -73.986722 0.000000 5.000000
40.736562 -73.989016 3.000000 5.000000
40.782789 -73.957405 0.000000 5.000000
40.720709 -73.981309 0.000000 5.000000
40.814580 -73.947949 0.000000 5.000000
40.754619 -73.973734 0.000000 5.000000
40.827103 -73.949955 0.000000 5.000000
40.841077 -73.939767 0.000000 5.000000
40.763375 -73.996459 2.000000 5.000000
40.839232 -73.945544 1.000000 5.000000
40.733292 -73.987180 0.000000 5.000000
40.848120 -73.930884 0.000000 5.000000
40.737361 -73.996839 1.000000 5.000000
40.706940 -74.009006 0.000000 5.000000
40.721062 -73.998196 0.000000 5.000000
40.764791 -73.984282 0.000000 5.000000
40.784237 -73.947070 0.000000 5.000000
40.780437 -73.949882 0.000000 5.000000
40.760223 -73.967462 1.000000 5.000000
40.720892 -73.995750 0.000000 5.000000
40.753625 -73.969432 1.000000 5.000000
40.865966 -73.929853 0.000000 5.000000
40.759790 -73.987926 0.000000 5.000000
40.773336 -73.955054 1.000000 5.000000
40.750766 -73.974443 0.000000 5.000000
40.777874 -73.951743 0.000000 5.000000
40.721062 -73.998196 0.000000 5.000000
40.785174 -73.943317 1.000000 5.000000
40.729799 -73.974801 1.000000 5.000000
40.765676 -73.976235 1.000000 5.000000
40.719204 -73.990364 0.000000 5.000000
40.747078 -73.981341 1.000000 5.000000
40.817282 -73.938539 0.000000 5.000000
40.720321 -73.994040 0.000000 5.000000
40.762750 -73.996914 0.000000 5.000000
40.721952 -73.996270 0.000000 5.000000
40.788318 -73.941018 0.000000 5.000000
40.810209 -73.939496 0.000000 5.000000
40.765530 -73.997671 0.000000 5.000000
40.749157 -73.972693 0.000000 5.000000
40.841680 -73.939333 0.000000 5.000000
40.722182 -74.000657 0.000000 5.000000
40.751442 -73.976049 0.000000 5.000000
40.859993 -73.929129 1.000000 5.000000
40.871036 -73.911682 1.000000 5.000000
40.745727 -73.978123 1.000000 5.000000
40.832766 -73.945824 0.000000 5.000000
40.752693 -73.973046 0.000000 5.000000
40.745727 -73.978123 1.000000 5.000000
40.773336 -73.955054 0.000000 5.000000
40.766616 -73.986661 0.000000 5.000000
40.763114 -73.962515 0.000000 5.000000
40.774022 -73.954559 0.000000 5.000000
40.742864 -74.003970 0.000000 5.000000
40.719204 -73.990364 0.000000 5.000000
40.754619 -73.973734 0.000000 5.000000
40.760906 -73.966996 0.000000 5.000000
40.757701 -73.969394 0.000000 5.000000
40.717931 -74.000988 0.000000 5.000000
40.748512 -73.988714 0.000000 5.000000
40.763734 -73.962063 3.000000 5.000000
40.739079 -74.003082 0.000000 5.000000
40.761857 -73.963426 0.000000 5.000000
40.775044 -73.965148 0.000000 5.000000
40.702408 -74.012825 0.000000 5.000000
40.752120 -73.977677 0.000000 5.000000
40.730006 -73.983536 0.000000 5.000000
40.863690 -73.917064 2.000000 5.000000
40.764617 -73.958323 0.000000 5.000000
40.794281 -73.949012 0.000000 5.000000
40.716115 -73.983619 0.000000 5.000000
40.856808 -73.928265 2.000000 5.000000
40.815155 -73.957829 2.000000 5.000000
40.785805 -73.942847 0.000000 5.000000
40.720318 -74.012168 0.000000 5.000000
40.717724 -73.985765 2.000000 5.000000
40.757232 -73.989792 0.000000 5.000000
40.740184 -73.986363 1.000000 5.000000
40.745952 -73.998008 0.000000 5.000000
40.819095 -73.940929 0.000000 5.000000
40.723308 -74.002980 1.000000 5.000000
40.756489 -73.997759 0.000000 5.000000
40.769792 -73.988065 0.000000 5.000000
40.717724 -73.985765 1.000000 5.000000
40.752643 -74.004273 0.000000 5.000000
40.718795 -73.989012 0.000000 5.000000
40.816601 -73.942756 0.000000 5.000000
40.757973 -73.985536 1.000000 5.000000
40.776562 -73.952705 0.000000 5.000000
40.810764 -73.952590 0.000000 5.000000
40.779364 -73.977368 0.000000 5.000000
40.721062 -73.998196 0.000000 5.000000
40.797450 -73.946702 0.000000 5.000000
40.755207 -73.996654 0.000000 5.000000
40.742646 -73.982454 0.000000 5.000000
40.754099 -73.978333 0.000000 5.000000
40.831471 -73.946768 0.000000 5.000000
40.721172 -73.996576 1.000000 5.000000
40.741275 -73.975342 0.000000 5.000000
40.775601 -73.956334 0.000000 5.000000
40.750294 -73.994843 0.000000 5.000000
40.748215 -73.968540 1.000000 5.000000
40.769226 -73.984765 0.000000 5.000000
40.735390 -73.975110 0.000000 5.000000
40.735390 -73.975110 0.000000 5.000000
40.733292 -73.987180 1.000000 5.000000
40.762025 -74.001152 1.000000 5.000000
40.846622 -73.937312 0.000000 5.000000
40.718274 -74.005325 1.000000 5.000000
40.750765 -73.968427 0.000000 5.000000
40.714945 -73.976650 0.000000 5.000000
40.820296 -73.943775 1.000000 5.000000
40.762913 -73.969800 0.000000 5.000000
40.770710 -73.950933 0.000000 5.000000
40.810175 -73.937408 1.000000 5.000000
40.761234 -73.963884 0.000000 5.000000
40.741667 -74.001130 0.000000 5.000000
40.845370 -73.940519 0.000000 5.000000
40.868886 -73.917593 0.000000 5.000000
40.803426 -73.933083 1.000000 5.000000
40.797309 -73.934454 0.000000 5.000000
40.758999 -73.970534 0.000000 5.000000
40.757973 -73.985536 0.000000 5.000000
40.725231 -73.992214 0.000000 5.000000
40.850695 -73.927476 0.000000 5.000000
40.743424 -73.999848 0.000000 5.000000
40.752693 -73.973046 0.000000 5.000000
40.758329 -73.968936 0.000000 5.000000
40.740849 -74.005124 0.000000 5.000000
40.758429 -73.992633 1.000000 5.000000
40.735390 -73.975110 4.000000 5.000000
40.729551 -73.989901 0.000000 5.000000
40.764106 -73.966814 0.000000 5.000000
40.863793 -73.919414 0.000000 5.000000
40.774251 -73.945265 0.000000 5.000000
40.760525 -73.979973 0.000000 5.000000
40.733292 -73.987180 0.000000 5.000000
40.820437 -73.936227 0.000000 5.000000
40.817899 -73.938090 0.000000 5.000000
40.729370 -73.983998 1.000000 5.000000
40.768391 -73.981679 1.000000 5.000000
40.864525 -73.926619 2.000000 5.000000
40.721249 -73.992236 1.000000 5.000000
40.742910 -73.992804 1.000000 5.000000
40.756031 -73.979025 0.000000 5.000000
40.737731 -73.988179 0.000000 5.000000
40.846911 -73.938233 0.000000 5.000000
40.777973 -73.982156 0.000000 5.000000
40.753554 -73.985043 0.000000 5.000000
40.844201 -73.935652 0.000000 5.000000
40.764736 -73.982217 0.000000 5.000000
40.717931 -74.000988 0.000000 5.000000
40.740360 -73.973177 0.000000 5.000000
40.737886 -73.980904 0.000000 5.000000
40.757701 -73.969394 0.000000 5.000000
40.756352 -74.005403 0.000000 5.000000
40.724136 -73.992604 0.000000 5.000000
40.739380 -74.009942 0.000000 5.000000
40.761659 -73.986561 0.000000 5.000000
40.731351 -73.982555 0.000000 5.000000
40.753606 -73.987089 1.000000 5.000000
40.732914 -74.003976 0.000000 5.000000
40.721921 -73.990039 0.000000 5.000000
40.737546 -73.984083 0.000000 5.000000
40.717724 -73.985765 1.000000 5.000000
40.758374 -73.970993 0.000000 5.000000
40.824653 -73.946221 0.000000 5.000000
40.771732 -73.982959 0.000000 5.000000
40.743783 -73.973508 0.000000 5.000000
40.799783 -73.968198 0.000000 5.000000
40.754570 -73.971677 0.000000 5.000000
40.725432 -73.996771 0.000000 5.000000
40.728476 -73.975697 0.000000 5.000000
40.864463 -73.918943 1.000000 5.000000
40.777874 -73.951743 0.000000 5.000000
40.762287 -73.970259 0.000000 5.000000
40.761180 -73.957903 0.000000 5.000000
40.739411 -74.005391 1.000000 5.000000
40.719484 -73.991284 0.000000 5.000000
40.739751 -74.002522 0.000000 5.000000
40.748800 -73.969846 0.000000 5.000000
40.723010 -73.985753 0.000000 5.000000
40.764281 -73.998581 0.000000 5.000000
40.801155 -73.959648 0.000000 5.000000
40.710177 -74.001136 0.000000 5.000000
40.756035 -73.986948 0.000000 5.000000
40.749102 -73.992006 0.000000 5.000000
40.759308 -73.965293 2.000000 5.000000
40.803700 -73.935817 0.000000 5.000000
40.739751 -74.002522 1.000000 5.000000
40.802751 -73.933575 0.000000 5.000000
40.752411 -73.978348 0.000000 5.000000
40.804376 -73.937420 2.000000 5.000000
40.763114 -73.962515 0.000000 5.000000
40.865797 -73.919997 0.000000 5.000000
40.732603 -73.987681 0.000000 5.000000
40.749130 -73.988238 0.000000 5.000000
40.761610 -73.970750 0.000000 5.000000
40.746403 -73.979725 1.000000 5.000000
40.718004 -73.986584 0.000000 5.000000
40.704799 -74.016685 0.000000 5.000000
40.747009 -73.977187 0.000000 5.000000
40.721792 -73.999852 5.000000 5.000000
40.713690 -73.994586 0.000000 5.000000
40.769296 -73.994939 0.000000 5.000000
40.783248 -73.944723 0.000000 5.000000
40.731964 -73.988154 0.000000 5.000000
40.844050 -73.941142 0.000000 5.000000
40.715954 -73.986722 0.000000 5.000000
40.771387 -73.956478 0.000000 5.000000
40.763114 -73.962515 0.000000 5.000000
40.752379 -73.970343 0.000000 5.000000
40.784237 -73.947070 0.000000 5.000000
40.754783 -73.979935 2.000000 5.000000
40.826684 -73.935390 0.000000 5.000000
40.705030 -74.013327 0.000000 5.000000
40.758432 -73.973069 0.000000 5.000000
40.754748 -73.987890 0.000000 5.000000
40.741023 -73.978615 0.000000 5.000000
40.724575 -73.987492 0.000000 5.000000
40.709824 -74.014825 0.000000 5.000000
40.721172 -73.996576 1.000000 5.000000
40.774809 -73.984414 0.000000 5.000000
40.762025 -74.001152 0.000000 5.000000
40.736020 -73.982268 0.000000 5.000000
40.858273 -73.931817 0.000000 5.000000
40.761771 -73.979056 0.000000 5.000000
40.729519 -74.005138 1.000000 5.000000
40.772301 -73.986237 0.000000 5.000000
40.731465 -74.003139 0.000000 5.000000
40.741970 -73.980859 0.000000 5.000000
40.712646 -73.989972 0.000000 5.000000
40.783418 -73.956946 0.000000 5.000000
40.731351 -73.982555 1.000000 5.000000
40.752687 -74.000527 0.000000 5.000000
40.777874 -73.951743 1.000000 5.000000
40.768595 -73.985216 0.000000 5.000000
40.798506 -73.967122 0.000000 5.000000
40.764323 -73.977196 0.000000 5.000000
40.729186 -73.987249 0.000000 5.000000
40.756527 -73.994019 0.000000 5.000000
40.714384 -74.010129 0.000000 5.000000
40.841052 -73.944679 0.000000 5.000000
40.722324 -74.011747 0.000000 5.000000
40.719396 -74.001883 0.000000 5.000000
40.736691 -73.993119 0.000000 5.000000
40.765546 -73.954702 0.000000 5.000000
40.863690 -73.917064 0.000000 5.000000
40.767392 -73.982365 0.000000 5.000000
40.816501 -73.946545 0.000000 5.000000
40.755505 -73.968067 0.000000 5.000000
40.792093 -73.973647 1.000000 5.000000
40.860242 -73.928420 0.000000 5.000000
40.866813 -73.917205 0.000000 5.000000
40.717381 -73.991303 1.000000 5.000000
40.746039 -73.990516 0.000000 5.000000
40.775419 -73.956479 0.000000 5.000000
40.747765 -73.982958 4.000000 5.000000
40.751748 -73.970805 0.000000 5.000000
40.720709 -73.981309 1.000000 5.000000
40.752120 -73.977677 0.000000 5.000000
40.835309 -73.943968 0.000000 5.000000
40.761040 -73.975374 0.000000 5.000000
40.757639 -73.963410 0.000000 5.000000
40.815691 -73.958295 1.000000 5.000000
40.736669 -73.997341 0.000000 5.000000
40.802495 -73.940897 0.000000 5.000000
40.863238 -73.926924 0.000000 5.000000
40.863572 -73.926012 0.000000 5.000000
40.729432 -73.978027 0.000000 5.000000
40.791663 -73.964684 0.000000 5.000000
40.830892 -73.941367 0.000000 5.000000
40.726436 -74.005657 0.000000 5.000000
40.717724 -73.985765 0.000000 5.000000
40.752801 -73.979286 0.000000 5.000000
40.707215 -74.002745 3.000000 5.000000
40.725210 -73.995847 0.000000 5.000000
40.761180 -73.957903 0.000000 5.000000
40.858273 -73.931817 0.000000 5.000000
40.715235 -74.013351 1.000000 5.000000
40.767392 -73.982365 0.000000 5.000000
40.774368 -73.963549 0.000000 5.000000
40.769296 -73.994939 2.000000 5.000000
40.719070 -73.993359 0.000000 5.000000
40.747629 -73.976736 0.000000 5.000000
40.792815 -73.937735 0.000000 5.000000
40.719722 -73.982803 0.000000 5.000000
40.822836 -73.941916 0.000000 5.000000
40.755505 -73.968067 0.000000 5.000000
40.781266 -73.975981 0.000000 5.000000
40.764289 -73.955616 0.000000 5.000000
40.759620 -73.961965 0.000000 5.000000
40.849525 -73.939915 0.000000 5.000000
40.758022 -73.981793 0.000000 5.000000
40.744061 -74.006810 0.000000 5.000000
40.723626 -74.004788 0.000000 5.000000
40.759527 -73.999242 0.000000 5.000000
40.765365 -73.987578 1.000000 5.000000
40.778806 -73.947966 0.000000 5.000000
40.751751 -74.007926 0.000000 5.000000
40.780065 -73.947048 0.000000 5.000000
40.737731 -73.988179 1.000000 5.000000
40.786541 -73.950434 0.000000 5.000000
40.823548 -73.955385 0.000000 5.000000
40.760159 -74.002639 1.000000 5.000000
40.760823 -73.998314 1.000000 5.000000
40.732730 -73.993815 0.000000 5.000000
40.734783 -73.998715 0.000000 5.000000
40.864809 -73.919362 0.000000 5.000000
40.721235 -73.987770 0.000000 5.000000
40.812052 -73.953543 0.000000 5.000000
40.755781 -74.001985 2.000000 5.000000
40.723626 -74.004788 0.000000 5.000000
40.739861 -73.995017 0.000000 5.000000
40.763114 -73.962515 0.000000 5.000000
40.715210 -73.984258 0.000000 5.000000
40.805736 -73.940645 0.000000 5.000000
40.727156 -74.005545 0.000000 5.000000
40.750294 -73.994843 0.000000 5.000000
40.745727 -73.978123 0.000000 5.000000
40.772021 -73.956015 1.000000 5.000000
40.837803 -73.942141 1.000000 5.000000
40.781688 -73.948960 0.000000 5.000000
40.755950 -73.990727 0.000000 5.000000
40.804168 -73.966700 0.000000 5.000000
40.727976 -73.988119 0.000000 5.000000
40.736602 -73.981842 1.000000 5.000000
40.767816 -73.989505 1.000000 5.000000
40.747925 -73.973607 0.000000 5.000000
40.752815 -73.981372 0.000000 5.000000
40.758976 -73.964503 0.000000 5.000000
40.798935 -73.936360 0.000000 5.000000
40.735313 -73.994118 0.000000 5.000000
40.715158 -74.002114 0.000000 5.000000
40.710177 -74.001136 1.000000 5.000000
40.746004 -73.994262 0.000000 5.000000
40.738044 -73.996337 0.000000 5.000000
40.860647 -73.927328 0.000000 5.000000
40.742089 -73.984977 0.000000 5.000000
40.759165 -73.976743 1.000000 5.000000
40.738831 -73.983148 0.000000 5.000000
40.767110 -73.981718 0.000000 5.000000
40.766562 -73.990422 2.000000 5.000000
40.766779 -73.996762 0.000000 5.000000
40.718458 -73.994809 1.000000 5.000000
40.854321 -73.928253 1.000000 5.000000
40.759983 -73.964802 0.000000 5.000000
40.759983 -73.964802 0.000000 5.000000
40.830845 -73.947224 0.000000 5.000000
40.783934 -73.944225 1.000000 5.000000
40.756607 -73.976502 2.000000 5.000000
40.761093 -73.983261 0.000000 5.000000
40.731659 -73.985445 1.000000 5.000000
40.749824 -73.972202 0.000000 5.000000
40.760405 -73.987474 0.000000 5.000000
40.784237 -73.947070 0.000000 5.000000
40.718556 -73.988200 0.000000 5.000000
40.746619 -73.993814 0.000000 5.000000
40.868114 -73.919752 7.000000 5.000000
40.854309 -73.930082 0.000000 5.000000
40.740184 -73.986363 1.000000 5.000000
40.747751 -73.980850 1.000000 5.000000
40.762963 -73.971868 0.000000 5.000000
40.738312 -73.987742 0.000000 5.000000
40.740471 -73.998286 0.000000 5.000000
40.714291 -73.993951 1.000000 5.000000
40.762025 -74.001152 0.000000 5.000000
40.746493 -74.001324 1.000000 5.000000
40.727288 -74.000631 0.000000 5.000000
40.783844 -73.979988 2.000000 5.000000
40.778822 -73.953985 1.000000 5.000000
40.718946 -73.975451 0.000000 5.000000
40.775923 -73.953167 1.000000 5.000000
40.730122 -73.989468 0.000000 5.000000
40.707683 -74.015679 0.000000 5.000000
40.752281 -73.989692 0.000000 5.000000
40.766714 -73.982878 1.000000 5.000000
40.842313 -73.937027 0.000000 5.000000
40.725083 -73.995328 0.000000 5.000000
40.752190 -73.993464 1.000000 5.000000
40.726281 -73.980334 0.000000 5.000000
40.755924 -73.974889 0.000000 5.000000
40.762916 -73.985647 0.000000 5.000000
40.786808 -73.945230 0.000000 5.000000
40.817548 -73.956935 1.000000 5.000000
40.726436 -74.005657 1.000000 5.000000
40.725432 -73.996771 0.000000 5.000000
40.757911 -73.977653 1.000000 5.000000
40.706550 -74.011874 0.000000 5.000000
40.738755 -74.005496 0.000000 5.000000
40.714362 -74.008387 0.000000 5.000000
40.786298 -73.979745 1.000000 5.000000
40.747854 -73.992908 0.000000 5.000000
40.773642 -73.959856 1.000000 5.000000
40.746682 -73.974495 1.000000 5.000000
40.757828 -73.993070 0.000000 5.000000
40.821638 -73.939077 1.000000 5.000000
40.760823 -73.998314 1.000000 5.000000
40.756133 -73.967605 1.000000 5.000000
40.790417 -73.951835 0.000000 5.000000
40.720892 -73.995750 0.000000 5.000000
40.759060 -73.972614 0.000000 5.000000
40.755505 -73.968067 1.000000 5.000000
40.733979 -73.990943 0.000000 5.000000
40.729335 -74.005224 0.000000 5.000000
40.744532 -73.988870 0.000000 5.000000
40.795312 -73.935912 0.000000 5.000000
40.753242 -73.966617 0.000000 5.000000
40.752059 -74.000982 0.000000 5.000000
40.760857 -73.961069 0.000000 5.000000
40.716204 -73.991905 0.000000 5.000000
40.850168 -73.935754 0.000000 5.000000
40.780691 -73.946592 0.000000 5.000000
40.755374 -73.987446 1.000000 5.000000
40.715356 -73.993402 0.000000 5.000000
40.748540 -73.973141 0.000000 5.000000
40.761486 -73.960599 0.000000 5.000000
40.747009 -73.977187 0.000000 5.000000
40.729726 -73.980859 0.000000 5.000000
40.746660 -73.990068 1.000000 5.000000
40.733292 -73.987180 0.000000 5.000000
40.788996 -73.946557 0.000000 5.000000
40.776017 -73.987240 1.000000 5.000000
40.857840 -73.932041 0.000000 5.000000
40.753261 -74.003822 0.000000 5.000000
40.731671 -74.006625 0.000000 5.000000
40.757694 -74.000585 0.000000 5.000000
40.792246 -73.946280 0.000000 5.000000
40.763734 -73.962063 0.000000 5.000000
40.720840 -74.000660 1.000000 5.000000
40.742227 -73.997008 0.000000 5.000000
40.798615 -73.943743 0.000000 5.000000
40.710464 -73.986622 0.000000 5.000000
40.755910 -73.994467 0.000000 5.000000
40.848393 -73.937672 0.000000 5.000000
40.775923 -73.953167 0.000000 5.000000
40.730564 -73.990507 0.000000 5.000000
40.776017 -73.987240 0.000000 5.000000
40.749824 -73.972202 0.000000 5.000000
40.757672 -73.994824 0.000000 5.000000
40.807090 -73.941771 0.000000 5.000000
40.783309 -73.952801 0.000000 5.000000
40.762852 -73.967728 0.000000 5.000000
40.756139 -73.983169 0.000000 5.000000
40.713692 -74.013754 0.000000 5.000000
40.722723 -73.994152 0.000000 5.000000
40.804376 -73.937420 0.000000 5.000000
40.806707 -73.964849 1.000000 5.000000
40.782633 -73.951198 0.000000 5.000000
40.756133 -73.967605 0.000000 5.000000
40.805671 -73.936473 0.000000 5.000000
40.806415 -73.942262 0.000000 5.000000
40.863572 -73.926012 0.000000 5.000000
40.735889 -73.991210 0.000000 5.000000
40.826530 -73.946660 1.000000 5.000000
40.763589 -73.971410 1.000000 5.000000
40.781062 -73.949419 0.000000 5.000000
40.764995 -73.976705 0.000000 5.000000
40.755756 -73.964786 0.000000 5.000000
40.722819 -73.993091 0.000000 5.000000
40.747078 -73.981341 0.000000 5.000000
40.817009 -73.959493 0.000000 5.000000
40.745921 -73.986394 0.000000 5.000000
40.734674 -73.994584 0.000000 5.000000
40.755292 -73.994922 6.000000 5.000000
40.825232 -73.947604 1.000000 5.000000
40.751442 -73.976049 0.000000 5.000000
40.731964 -73.988154 0.000000 5.000000
40.867634 -73.916589 1.000000 5.000000
40.764113 -73.988495 0.000000 5.000000
40.795072 -73.939188 0.000000 5.000000
40.768486 -73.963617 0.000000 5.000000
40.718004 -73.986584 0.000000 5.000000
40.758978 -73.993936 0.000000 5.000000
40.762106 -73.960137 0.000000 5.000000
40.721678 -73.980605 0.000000 5.000000
40.747153 -73.985495 1.000000 5.000000
40.802751 -73.933575 0.000000 5.000000
40.788358 -73.974523 1.000000 5.000000
40.772966 -73.958257 0.000000 5.000000
40.769117 -73.988559 0.000000 5.000000
40.777095 -73.982102 1.000000 5.000000
40.735307 -74.010103 0.000000 5.000000
40.706940 -74.009006 0.000000 5.000000
40.725772 -74.000898 0.000000 5.000000
40.718430 -74.000530 0.000000 5.000000
40.768595 -73.985216 0.000000 5.000000
40.777874 -73.951743 0.000000 5.000000
40.814580 -73.947949 1.000000 5.000000
40.852380 -73.931494 0.000000 5.000000
40.776730 -73.979279 0.000000 5.000000
40.778225 -73.958629 1.000000 5.000000
40.716014 -74.008824 0.000000 5.000000
40.863424 -73.930026 0.000000 5.000000
40.714897 -73.991891 1.000000 5.000000
40.721449 -73.997399 1.000000 5.000000
40.803897 -73.952035 0.000000 5.000000
40.803700 -73.935817 0.000000 5.000000
40.757075 -73.969849 0.000000 5.000000
40.720321 -73.994040 0.000000 5.000000
40.864525 -73.926619 0.000000 5.000000
40.752059 -74.000982 0.000000 5.000000
40.726974 -73.985738 0.000000 5.000000
40.711016 -74.010800 1.000000 5.000000
40.864463 -73.918943 0.000000 5.000000
40.750991 -73.990623 2.000000 5.000000
40.769742 -73.982118 2.000000 5.000000
40.867692 -73.921214 0.000000 5.000000
40.761180 -73.957903 0.000000 5.000000
40.750307 -74.008366 0.000000 5.000000
40.781688 -73.948960 0.000000 5.000000
40.741645 -74.004861 0.000000 5.000000
40.719396 -74.001883 1.000000 5.000000
40.765911 -73.963402 0.000000 5.000000
40.863690 -73.917064 0.000000 5.000000
40.755117 -74.002472 1.000000 5.000000
40.741350 -73.981311 0.000000 5.000000
40.709824 -74.014825 0.000000 5.000000
40.766559 -73.962928 1.000000 5.000000
40.788358 -73.974523 0.000000 5.000000
40.757232 -73.989792 0.000000 5.000000
40.719484 -73.991284 1.000000 5.000000
40.761668 -73.974916 0.000000 5.000000
40.808121 -73.960106 0.000000 5.000000
40.780858 -73.958815 1.000000 5.000000
40.707912 -74.000130 1.000000 5.000000
40.735313 -73.994118 2.000000 5.000000
40.865797 -73.919997 0.000000 5.000000
40.767917 -73.985715 0.000000 5.000000
40.750775 -73.976537 0.000000 5.000000
40.743783 -73.973508 1.000000 5.000000
40.821638 -73.939077 0.000000 5.000000
40.741643 -73.978167 0.000000 5.000000
40.753606 -73.987089 1.000000 5.000000
40.866336 -73.925004 1.000000 5.000000
40.736960 -74.008252 0.000000 5.000000
40.829650 -73.944381 0.000000 5.000000
40.751442 -73.976049 0.000000 5.000000
40.759308 -73.965293 0.000000 5.000000
40.743424 -73.999848 0.000000 5.000000
40.763375 -73.996459 0.000000 5.000000
40.718795 -73.989012 0.000000 5.000000
40.723626 -74.004788 0.000000 5.000000
40.718303 -73.987396 0.000000 5.000000
40.818394 -73.950879 0.000000 5.000000
40.815545 -73.956918 0.000000 5.000000
40.757180 -73.973982 0.000000 5.000000
40.803426 -73.933083 0.000000 5.000000
40.776868 -73.955409 0.000000 5.000000
40.813390 -73.956259 1.000000 5.000000
40.751122 -73.971263 1.000000 5.000000
40.845433 -73.936572 0.000000 5.000000
40.785041 -73.941031 1.000000 5.000000
40.811204 -73.961570 1.000000 5.000000
40.865536 -73.927268 0.000000 5.000000
40.754491 -74.006739 1.000000 5.000000
40.716453 -74.013048 0.000000 5.000000
40.781316 -73.946130 0.000000 5.000000
40.755505 -73.968067 0.000000 5.000000
40.848685 -73.939215 1.000000 5.000000
40.731659 -73.985445 0.000000 5.000000
40.751748 -73.970805 0.000000 5.000000
40.799300 -73.941127 1.000000 5.000000
40.742706 -73.984526 0.000000 5.000000
40.817226 -73.942300 4.000000 5.000000
40.731964 -73.988154 0.000000 5.000000
40.756452 -73.970315 0.000000 5.000000
40.717724 -73.985765 0.000000 5.000000
40.871195 -73.914090 1.000000 5.000000
40.784515 -73.949825 0.000000 5.000000
40.728605 -74.005315 0.000000 5.000000
40.743569 -73.992321 0.000000 5.000000
40.769982 -73.994646 0.000000 5.000000
40.731020 -73.985910 0.000000 5.000000
40.801235 -73.941815 0.000000 5.000000
40.746403 -73.979725 0.000000 5.000000
40.762396 -73.978601 0.000000 5.000000
40.745727 -73.978123 0.000000 5.000000
40.709824 -74.014825 0.000000 5.000000
40.721986 -73.985515 0.000000 5.000000
40.756035 -73.986948 1.000000 5.000000
40.805064 -73.941165 2.000000 5.000000
40.759060 -73.972614 0.000000 5.000000
40.771107 -73.961709 0.000000 5.000000
40.868483 -73.918559 0.000000 5.000000
40.757232 -73.989792 1.000000 5.000000
40.743470 -74.007232 0.000000 5.000000
40.763043 -73.956526 2.000000 5.000000
40.758306 -74.000137 0.000000 5.000000
40.749540 -73.977436 2.000000 5.000000
40.831471 -73.946768 0.000000 5.000000
40.714897 -73.991891 0.000000 5.000000
40.755330 -73.991179 0.000000 5.000000
40.771087 -73.983422 0.000000 5.000000
40.726933 -73.999917 0.000000 5.000000
40.821382 -73.954133 1.000000 5.000000
40.796797 -73.947175 0.000000 5.000000
40.764617 -73.958323 0.000000 5.000000
40.789615 -73.973609 0.000000 5.000000
40.869551 -73.915184 0.000000 5.000000
40.726974 -73.985738 0.000000 5.000000
40.775562 -73.950337 0.000000 5.000000
40.767448 -73.955184 0.000000 5.000000
40.755505 -73.968067 0.000000 5.000000
40.754250 -73.968977 0.000000 5.000000
40.780691 -73.946592 0.000000 5.000000
40.724905 -73.992326 0.000000 5.000000
40.802444 -73.938831 0.000000 5.000000
40.751438 -73.997679 0.000000 5.000000
40.764113 -73.988495 0.000000 5.000000
40.848685 -73.939215 0.000000 5.000000
40.759730 -73.991683 1.000000 5.000000
40.750179 -74.006071 1.000000 5.000000
40.740849 -74.005124 0.000000 5.000000
40.846106 -73.936080 0.000000 5.000000
40.727594 -73.985294 0.000000 5.000000
40.866336 -73.925004 1.000000 5.000000
40.750844 -73.978608 0.000000 5.000000
40.760223 -73.967462 0.000000 5.000000
40.739630 -74.006333 0.000000 5.000000
40.761556 -73.994069 1.000000 5.000000
40.797309 -73.934454 0.000000 5.000000
40.784610 -73.969833 0.000000 5.000000
40.738505 -73.991798 0.000000 5.000000
40.757125 -73.971907 1.000000 5.000000
40.766714 -73.982878 1.000000 5.000000
40.764732 -73.966359 1.000000 5.000000
40.757828 -73.993070 0.000000 5.000000
40.783248 -73.944723 0.000000 5.000000
40.719193 -73.999841 0.000000 5.000000
40.795456 -73.965628 0.000000 5.000000
40.780754 -73.952575 0.000000 5.000000
40.762294 -73.974457 0.000000 5.000000
40.717724 -73.985765 0.000000 5.000000
40.840482 -73.936465 0.000000 5.000000
40.782633 -73.951198 0.000000 5.000000
40.719972 -73.992897 0.000000 5.000000
40.715210 -73.984258 0.000000 5.000000
40.784591 -73.941971 0.000000 5.000000
40.794909 -73.948556 0.000000 5.000000
40.761610 -73.970750 0.000000 5.000000
40.815881 -73.960560 1.000000 5.000000
40.850511 -73.931044 1.000000 5.000000
40.735868 -73.976365 0.000000 5.000000
40.753242 -73.966617 0.000000 5.000000
40.800090 -73.951095 0.000000 5.000000
40.744009 -73.999423 0.000000 5.000000
40.764113 -73.988495 0.000000 5.000000
40.757180 -73.973982 0.000000 5.000000
40.742864 -74.003970 0.000000 5.000000
40.710177 -74.001136 0.000000 5.000000
40.724702 -74.009319 0.000000 5.000000
40.784942 -73.946589 0.000000 5.000000
40.748215 -73.968540 3.000000 5.000000
40.754841 -73.984118 0.000000 5.000000
40.724932 -73.990342 0.000000 5.000000
40.763645 -73.977687 1.000000 5.000000
40.834681 -73.944424 0.000000 5.000000
40.776017 -73.987240 2.000000 5.000000
40.731322 -73.988613 0.000000 5.000000
40.848939 -73.937071 0.000000 5.000000
40.736562 -74.001093 0.000000 5.000000
40.868473 -73.924037 0.000000 5.000000
40.815206 -73.947490 1.000000 5.000000
40.717894 -73.989474 1.000000 5.000000
40.763481 -73.967273 0.000000 5.000000
40.848120 -73.930884 1.000000 5.000000
40.734838 -73.990755 0.000000 5.000000
40.735069 -74.001970 1.000000 5.000000
40.728772 -74.007090 1.000000 5.000000
40.760601 -73.964314 0.000000 5.000000
40.757232 -73.989792 0.000000 5.000000
40.805045 -73.936928 1.000000 5.000000
40.725432 -73.996771 0.000000 5.000000
40.778552 -73.951248 0.000000 5.000000
40.773336 -73.955054 0.000000 5.000000
40.721062 -73.998196 0.000000 5.000000
40.715235 -74.005418 0.000000 5.000000
40.770742 -73.994548 0.000000 5.000000
40.746417 -73.981832 0.000000 5.000000
40.769740 -73.962703 1.000000 5.000000
40.828348 -73.949051 0.000000 5.000000
40.783147 -73.978327 0.000000 5.000000
40.794862 -73.946480 1.000000 5.000000
40.871195 -73.914090 0.000000 5.000000
40.770753 -73.956940 0.000000 5.000000
40.744801 -73.991418 0.000000 5.000000
40.762025 -74.001152 0.000000 5.000000
40.784975 -73.982638 0.000000 5.000000
40.755356 -73.977416 0.000000 5.000000
40.720892 -73.995750 0.000000 5.000000
40.746682 -73.974495 0.000000 5.000000
40.713554 -73.980853 0.000000 5.000000
40.725026 -74.005895 0.000000 5.000000
40.804066 -73.932663 0.000000 5.000000
40.754584 -73.999145 2.000000 5.000000
40.808958 -73.940403 0.000000 5.000000
40.754688 -73.995355 0.000000 5.000000
40.750157 -73.976984 0.000000 5.000000
40.794736 -73.969872 0.000000 5.000000
40.719468 -74.004372 0.000000 5.000000
40.862581 -73.925374 0.000000 5.000000
40.757233 -73.976047 0.000000 5.000000
40.759983 -73.964802 0.000000 5.000000
40.746536 -73.985950 0.000000 5.000000
40.719396 -74.001883 0.000000 5.000000
40.759308 -73.965293 0.000000 5.000000
40.778815 -73.956083 0.000000 5.000000
40.818511 -73.937645 0.000000 5.000000
40.746682 -73.974495 0.000000 5.000000
40.850133 -73.933148 1.000000 5.000000
40.707683 -74.015679 0.000000 5.000000
40.732348 -73.984939 0.000000 5.000000
40.745416 -74.008199 0.000000 5.000000
40.843942 -73.939024 1.000000 5.000000
40.761551 -73.966584 0.000000 5.000000
40.748438 -73.984560 0.000000 5.000000
40.844246 -73.933714 0.000000 5.000000
40.729310 -73.997886 0.000000 5.000000
40.722698 -73.987864 0.000000 5.000000
40.710177 -74.001136 0.000000 5.000000
40.717724 -73.985765 0.000000 5.000000
40.792752 -73.971314 0.000000 5.000000
40.841052 -73.944679 0.000000 5.000000
40.759738 -73.974223 2.000000 5.000000
40.816319 -73.957832 0.000000 5.000000
40.798593 -73.933518 0.000000 5.000000
40.758978 -73.993936 0.000000 5.000000
40.747206 -73.997098 1.000000 5.000000
40.728413 -73.994253 1.000000 5.000000
40.749788 -73.987769 0.000000 5.000000
40.760159 -74.002639 0.000000 5.000000
40.721062 -73.998196 0.000000 5.000000
40.714165 -74.006309 1.000000 5.000000
40.746682 -73.974495 0.000000 5.000000
40.725583 -73.989869 0.000000 5.000000
40.819630 -73.946066 0.000000 5.000000
40.792752 -73.971314 1.000000 5.000000
40.755807 -73.986403 0.000000 5.000000
40.853583 -73.932226 0.000000 5.000000
40.761610 -73.970750 0.000000 5.000000
40.756764 -73.967153 0.000000 5.000000
40.781759 -73.983051 0.000000 5.000000
40.763365 -73.959241 0.000000 5.000000
40.769982 -73.994646 0.000000 5.000000
40.792858 -73.967529 0.000000 5.000000
40.765676 -73.976235 0.000000 5.000000
40.744061 -74.006810 0.000000 5.000000
40.866742 -73.928728 0.000000 5.000000
40.825819 -73.953013 0.000000 5.000000
40.768647 -73.969826 0.000000 5.000000
40.720321 -73.994040 0.000000 5.000000
40.762288 -73.972363 0.000000 5.000000
40.809239 -73.953007 0.000000 5.000000
40.751658 -73.990132 0.000000 5.000000
40.750282 -73.981124 0.000000 5.000000
40.769117 -73.988559 0.000000 5.000000
40.793380 -73.970859 0.000000 5.000000
40.797918 -73.963846 0.000000 5.000000
40.809798 -73.946229 0.000000 5.000000
40.732348 -73.984939 1.000000 5.000000
40.731064 -74.001411 0.000000 5.000000
40.745403 -73.977361 0.000000 5.000000
40.741469 -74.008733 0.000000 5.000000
40.742375 -74.008791 0.000000 5.000000
40.771781 -73.979194 0.000000 5.000000
40.704884 -74.015657 0.000000 5.000000
40.718018 -73.999957 0.000000 5.000000
40.745860 -73.984344 0.000000 5.000000
40.756770 -73.982710 0.000000 5.000000
40.753387 -73.996304 0.000000 5.000000
40.711029 -73.980591 0.000000 5.000000
40.722819 -73.993091 0.000000 5.000000
40.780176 -73.957198 0.000000 5.000000
40.769005 -73.992350 0.000000 5.000000
40.718963 -74.001273 0.000000 5.000000
40.743826 -73.979509 0.000000 5.000000
40.761234 -73.963884 0.000000 5.000000
40.841714 -73.935567 0.000000 5.000000
40.783026 -73.982126 1.000000 5.000000
40.786461 -73.948397 1.000000 5.000000
40.709155 -74.010543 0.000000 5.000000
40.711697 -74.000873 0.000000 5.000000
40.748356 -74.003688 0.000000 5.000000
40.748365 -73.980403 0.000000 5.000000
40.752801 -73.979286 0.000000 5.000000
40.766717 -73.969130 0.000000 5.000000
40.739880 -73.998712 0.000000 5.000000
40.765460 -73.981990 0.000000 5.000000
40.757907 -73.989298 0.000000 5.000000
40.745384 -73.994709 2.000000 5.000000
40.744443 -73.979058 0.000000 5.000000
40.794809 -73.944407 1.000000 5.000000
40.760353 -73.991232 0.000000 5.000000
40.764842 -73.980528 0.000000 5.000000
40.785866 -73.950929 0.000000 5.000000
40.742812 -73.996579 1.000000 5.000000
40.766609 -73.964990 0.000000 5.000000
40.801110 -73.965217 0.000000 5.000000
40.733292 -73.987180 1.000000 5.000000
40.765365 -73.987578 0.000000 5.000000
40.763998 -73.996004 0.000000 5.000000
40.721223 -73.983005 0.000000 5.000000
40.815692 -73.948678 0.000000 5.000000
40.710079 -74.016383 1.000000 5.000000
40.791559 -73.938649 1.000000 5.000000
40.724273 -73.990818 0.000000 5.000000
40.755781 -74.001985 0.000000 5.000000
40.763025 -73.978139 1.000000 5.000000
40.799286 -73.945360 0.000000 5.000000
40.760353 -73.991232 0.000000 5.000000
40.799286 -73.945360 0.000000 5.000000
40.715584 -74.003030 1.000000 5.000000
40.746660 -73.990068 0.000000 5.000000
40.745208 -74.002266 0.000000 5.000000
40.718556 -73.988200 0.000000 5.000000
40.850774 -73.935425 0.000000 5.000000
40.766714 -73.982878 0.000000 5.000000
40.848039 -73.932850 0.000000 5.000000
40.724702 -74.009319 0.000000 5.000000
40.781952 -73.975482 0.000000 5.000000
40.776319 -73.962125 0.000000 5.000000
40.768803 -73.958360 0.000000 5.000000
40.757232 -73.989792 1.000000 5.000000
40.768169 -73.952787 0.000000 5.000000
40.706237 -74.014337 0.000000 5.000000
40.740471 -73.998286 0.000000 5.000000
40.740733 -73.981762 1.000000 5.000000
40.741645 -74.004861 0.000000 5.000000
40.842917 -73.936589 0.000000 5.000000
40.849542 -73.936398 1.000000 5.000000
40.709155 -74.010543 0.000000 5.000000
40.761659 -73.986561 0.000000 5.000000
40.718556 -73.988200 0.000000 5.000000
40.761719 -73.982807 0.000000 5.000000
40.788382 -73.947001 1.000000 5.000000
40.812692 -73.953127 0.000000 5.000000
40.775016 -73.990768 0.000000 5.000000
40.754348 -73.976972 1.000000 5.000000
40.744780 -73.975882 0.000000 5.000000
40.713618 -74.006753 0.000000 5.000000
40.753318 -73.972587 0.000000 5.000000
40.750318 -73.991111 0.000000 5.000000
40.803025 -73.936309 0.000000 5.000000
40.794233 -73.946946 1.000000 5.000000
40.760928 -73.969133 0.000000 5.000000
40.759786 -73.976288 1.000000 5.000000
40.765520 -73.980037 0.000000 5.000000
40.779807 -73.984477 1.000000 5.000000
40.794135 -73.942818 0.000000 5.000000
40.846911 -73.938233 0.000000 5.000000
40.866761 -73.920611 0.000000 5.000000
40.768803 -73.958360 0.000000 5.000000
40.756710 -73.986457 1.000000 5.000000
40.849895 -73.933311 0.000000 5.000000
40.719204 -73.990364 1.000000 5.000000
40.797004 -73.937774 1.000000 5.000000
40.762852 -73.967728 2.000000 5.000000
40.853063 -73.930994 1.000000 5.000000
40.765460 -73.981990 0.000000 5.000000
40.788429 -73.949063 0.000000 5.000000
40.724136 -73.992604 0.000000 5.000000
40.719786 -73.998525 0.000000 5.000000
40.759912 -73.958810 0.000000 5.000000
40.745293 -73.998488 0.000000 5.000000
40.751405 -74.005176 0.000000 5.000000
40.742375 -74.008791 1.000000 5.000000
40.825380 -73.940053 0.000000 5.000000
40.750282 -73.981124 1.000000 5.000000
40.787656 -73.977062 0.000000 5.000000
40.839178 -73.941135 0.000000 5.000000
40.742706 -73.984526 3.000000 5.000000
40.765365 -73.987578 0.000000 5.000000
40.812455 -73.960652 0.000000 5.000000
40.749484 -73.975382 0.000000 5.000000
40.725841 -74.007558 0.000000 5.000000
40.712723 -74.009667 0.000000 5.000000
40.745682 -73.972125 0.000000 5.000000
40.732699 -73.983648 0.000000 5.000000
40.792752 -73.971314 0.000000 5.000000
40.732757 -73.990027 0.000000 5.000000
40.762236 -73.989864 0.000000 5.000000
40.740262 -74.005864 0.000000 5.000000
40.760601 -73.964314 0.000000 5.000000
40.766714 -73.982878 0.000000 5.000000
40.756568 -73.990276 0.000000 5.000000
40.762807 -73.993156 0.000000 5.000000
40.718430 -74.000530 0.000000 5.000000
40.755869 -73.998210 0.000000 5.000000
40.739498 -73.982664 0.000000 5.000000
40.720892 -73.995750 1.000000 5.000000
40.722550 -74.006299 0.000000 5.000000
40.856180 -73.928714 0.000000 5.000000
40.751441 -73.973959 0.000000 5.000000
40.864113 -73.921250 0.000000 5.000000
40.763043 -73.956526 1.000000 5.000000
40.715158 -74.002114 1.000000 5.000000
40.814011 -73.944647 0.000000 5.000000
40.719935 -73.978752 0.000000 5.000000
40.750960 -73.982723 0.000000 5.000000
40.769439 -73.951858 0.000000 5.000000
40.725932 -73.994650 0.000000 5.000000
40.746417 -73.981832 0.000000 5.000000
40.798444 -73.970882 0.000000 5.000000
40.746392 -73.977635 1.000000 5.000000
40.747925 -73.973607 0.000000 5.000000
40.762106 -73.960137 0.000000 5.000000
40.723650 -73.985284 0.000000 5.000000
40.726392 -73.991796 0.000000 5.000000
40.729519 -74.005138 0.000000 5.000000
40.729552 -73.996572 1.000000 5.000000
40.765053 -73.967146 0.000000 5.000000
40.761610 -73.970750 0.000000 5.000000
40.722355 -73.993261 0.000000 5.000000
